jv_spec_mie.dat: Aerosol optical properties at 5 wavelengths (clh, 01/30/10), Update sulfate, OC (dar, rvm, 9/13), Add BrC (mh, 6/25/15)
================================================================================
NW-SCATTER   56  ! Scattering phase fns, scale extinct @ 999 nm    (mjp 99/07)
W(nm)    Q    r-eff  ss-alb  pi(0) pi(1) pi(2) pi(3) pi(4) pi(5) pi(6) pi(7)
01 RAYLE  = Rayleigh phase
  200   123.5  0.001  1.0000  1.000   0.0 0.500   0.0   0.0   0.0   0.0   0.0
  300   123.5  0.001  1.0000  1.000   0.0 0.500   0.0   0.0   0.0   0.0   0.0
  400    39.1  0.001  1.0000  1.000   0.0 0.500   0.0   0.0   0.0   0.0   0.0
  600     7.7  0.001  1.0000  1.000   0.0 0.500   0.0   0.0   0.0   0.0   0.0
  999     1.0  0.001  1.0000  1.000   0.0 0.500   0.0   0.0   0.0   0.0   0.0
02 ISOTR  = isotropic
  200     1.0  0.001  1.0000  1.000   0.0   0.0   0.0   0.0   0.0   0.0   0.0
  300     1.0  0.001  1.0000  1.000   0.0   0.0   0.0   0.0   0.0   0.0   0.0
  400     1.0  0.001  1.0000  1.000   0.0   0.0   0.0   0.0   0.0   0.0   0.0
  600     1.0  0.001  1.0000  1.000   0.0   0.0   0.0   0.0   0.0   0.0   0.0
  999     1.0  0.001  1.0000  1.000   0.0   0.0   0.0   0.0   0.0   0.0   0.0
03 ABSRB  = fully absorbing 'soot', wavelength indep.
  200     1.0  0.039  0.0000  1.000   0.0   0.0   0.0   0.0   0.0   0.0   0.0
  300     1.0  0.039  0.0000  1.000   0.0   0.0   0.0   0.0   0.0   0.0   0.0
  400     1.0  0.039  0.0000  1.000   0.0   0.0   0.0   0.0   0.0   0.0   0.0
  600     1.0  0.039  0.0000  1.000   0.0   0.0   0.0   0.0   0.0   0.0   0.0
  999     1.0  0.039  0.0000  1.000   0.0   0.0   0.0   0.0   0.0   0.0   0.0
04 S_Bkg = backgrnd stratospheric sulfate (n=1.46, log-norm: r=.09um/sigma=.6)
  200  2.7541  0.221  1.0000  1.000 2.157 2.767 2.627 2.457 2.098 1.792 1.518
  300  2.7541  0.221  1.0000  1.000 2.157 2.767 2.627 2.457 2.098 1.792 1.518
  400  2.4017  0.221  1.0000  1.000 2.146 2.641 2.422 2.122 1.709 1.357 1.070
  600  1.6454  0.221  1.0000  1.000 2.076 2.377 2.023 1.608 1.177 0.846 0.599
  999  0.7449  0.221  1.0000  1.000 1.877 1.920 1.412 0.970 0.614 0.388 0.238
05 S_Vol = volcanic stratospheric sulfate (n=1.46, log-norm: r=.08um/sigma=.8)
  200  2.6437  0.386  1.0000  1.000 2.152 2.901 2.856 2.971 2.772 2.709 2.587
  300  2.6437  0.386  1.0000  1.000 2.152 2.901 2.856 2.971 2.772 2.709 2.587
  400  2.5603  0.386  1.0000  1.000 2.142 2.810 2.706 2.691 2.421 2.254 2.066
  600  2.2221  0.386  1.0000  1.000 2.127 2.673 2.488 2.308 1.963 1.698 1.461
  999  1.5319  0.386  1.0000  1.000 2.076 2.458 2.165 1.841 1.449 1.142 0.898
06 W_H01 = water haze (H1/Deirm.) (n=1.335, gamma:  r-mode=0.1um / alpha=2)
  200  2.8438   0.25  1.0000  1.000 2.454 3.376 3.624 3.608 3.300 2.911 2.526
  300  2.8438   0.25  1.0000  1.000 2.454 3.376 3.624 3.608 3.300 2.911 2.526
  400  2.3497   0.25  1.0000  1.000 2.431 3.235 3.355 3.108 2.686 2.180 1.690
  600  1.4037   0.25  1.0000  1.000 2.328 2.789 2.593 2.062 1.492 1.013 0.632
  999  0.5034   0.25  1.0000  1.000 1.916 1.870 1.233 0.704 0.338 0.154 0.062
07 W_H04 = water haze (H1/Deirm.) (n=1.335, gamma:  r-mode=0.4um / alpha=2)
  200  2.2995   1.00  1.0000  1.000 2.433 3.625 4.104 4.645 5.020 5.409 5.802
  300  2.2995   1.00  1.0000  1.000 2.433 3.625 4.104 4.645 5.020 5.409 5.802
  400  2.4743   1.00  1.0000  1.000 2.341 3.475 3.863 4.330 4.589 4.878 5.125
  600  2.6719   1.00  1.0000  1.000 2.325 3.334 3.624 3.896 3.939 3.968 3.964
  999  2.9565   1.00  1.0000  1.000 2.434 3.393 3.685 3.709 3.528 3.213 2.903
08 W_C02 = water cloud (C1/Deirm.) (n=1.335, gamma:  r-mode=2.0um / alpha=6)
  200  2.1410   3.00  1.0000  1.000 2.544 3.886 4.572 5.256 5.933 6.530 7.291
  300  2.1410   3.00  1.0000  1.000 2.544 3.886 4.572 5.256 5.933 6.530 7.291
  400  2.1778   3.00  1.0000  1.000 2.513 3.834 4.480 5.160 5.785 6.356 7.044
  600  2.2287   3.00  1.0000  1.000 2.483 3.767 4.359 4.998 5.542 6.054 6.639
  999  2.3071   3.00  1.0000  1.000 2.395 3.597 4.063 4.648 5.052 5.478 5.857
09 W_C04 = water cloud (C1/Deirm.) (n=1.335, gamma:  r-mode=4.0um / alpha=6)
  200  2.0835   6.00  1.0000  1.000 2.596 3.973 4.725 5.406 6.129 6.751 7.607
  300  2.0835   6.00  1.0000  1.000 2.596 3.973 4.725 5.406 6.129 6.751 7.607
  400  2.1064   6.00  1.0000  1.000 2.571 3.936 4.660 5.345 6.056 6.670 7.492
  600  2.1345   6.00  1.0000  1.000 2.557 3.902 4.596 5.263 5.923 6.507 7.267
  999  2.1922   6.00  1.0000  1.000 2.499 3.799 4.418 5.081 5.667 6.213 6.851
10 W_C08 = water cloud (C1/Deirm.) (n=1.335, gamma:  r-mode=8.0um / alpha=6)
  200  2.0539  12.00  1.0000  1.000 2.619 4.013 4.798 5.476 6.232 6.870 7.780
  300  2.0539  12.00  1.0000  1.000 2.619 4.013 4.798 5.476 6.232 6.870 7.780
  400  2.0643  12.00  1.0000  1.000 2.611 3.999 4.773 5.451 6.194 6.826 7.716
  600  2.0883  12.00  1.0000  1.000 2.589 3.965 4.712 5.394 6.121 6.744 7.599
  999  2.1236  12.00  1.0000  1.000 2.563 3.917 4.625 5.302 5.992 6.593 7.385
11 W_C13 = water cloud (C1/Deirm.) (n=1.335, gamma:  r-mode=13.3um / alpha=6)
  200  2.0440  20.00  1.0000  1.000 2.627 4.026 4.822 5.499 6.264 6.907 7.833
  300  2.0440  20.00  1.0000  1.000 2.627 4.026 4.822 5.499 6.264 6.907 7.833
  400  2.0529  20.00  1.0000  1.000 2.620 4.014 4.800 5.477 6.234 6.872 7.783
  600  2.0716  20.00  1.0000  1.000 2.604 3.990 4.755 5.435 6.178 6.807 7.690
  999  2.0978  20.00  1.0000  1.000 2.585 3.955 4.691 5.368 6.077 6.688 7.520
12 W_L06 = water cloud (Lacis) (n=1.335, r-mode=5.5um / alpha=11/3)
  200  2.0616  10.00  1.0000  1.000 2.613 4.002 4.779 5.458 6.205 6.839 7.735
  300  2.0616  10.00  1.0000  1.000 2.613 4.002 4.779 5.458 6.205 6.839 7.735
  400  2.0747  10.00  1.0000  1.000 2.601 3.984 4.745 5.425 6.158 6.785 7.657
  600  2.1005  10.00  1.0000  1.000 2.580 3.947 4.679 5.359 6.070 6.684 7.514
  999  2.1423  10.00  1.0000  1.000 2.545 3.884 4.568 5.244 5.909 6.496 7.250
13 Ice-H = hexagonal ice cloud (Mishchenko)
  200  2.0000    67.  1.0000  1.000 2.435 3.712 4.756 5.960 6.908 7.865 8.954
  300  2.0000    67.  1.0000  1.000 2.435 3.712 4.756 5.960 6.908 7.865 8.954
  400  2.0000    67.  1.0000  1.000 2.435 3.712 4.756 5.960 6.908 7.865 8.954
  600  2.0000    67.  1.0000  1.000 2.435 3.712 4.756 5.960 6.908 7.865 8.954
  999  2.0000    67.  1.0000  1.000 2.435 3.712 4.756 5.960 6.908 7.865 8.954
14 Ice-I = irregular ice cloud (Mishchenko)
  200  2.0000    50.  1.0000  1.000 2.257 3.164 4.096 5.088 6.018 6.897 7.794
  300  2.0000    50.  1.0000  1.000 2.257 3.164 4.096 5.088 6.018 6.897 7.794
  400  2.0000    50.  1.0000  1.000 2.257 3.164 4.096 5.088 6.018 6.897 7.794
  600  2.0000    50.  1.0000  1.000 2.257 3.164 4.096 5.088 6.018 6.897 7.794
  999  2.0000    50.  1.0000  1.000 2.257 3.164 4.096 5.088 6.018 6.897 7.794
15 Mdust 0.15 = mineral dust (R.V.Martin)
  200  4.0154  0.151  0.964 1.000 2.104 2.573 2.380 1.837 1.226  0.608  0.153
  300  4.0154  0.151  0.964 1.000 2.104 2.573 2.380 1.837 1.226  0.608  0.153
  400  3.0582  0.151  0.986 1.000 2.021 2.061 1.505 0.757 0.210  0.057  0.010
  600  1.2133  0.151  0.994 1.000 1.712 1.120 0.368 0.096 0.015  0.002  0.000
  999  0.2195  0.151  0.988 1.000 0.628 0.573 0.113 0.011 0.001  0.000  0.000
16 Mdust 0.25 = mineral dust (R.V.Martin)
  200  2.6560  0.253  0.905 1.000 1.666 2.248 1.871 2.248 2.056  2.231  2.048
  300  2.6560  0.253  0.905 1.000 1.666 2.248 1.871 2.248 2.056  2.231  2.048
  400  3.9669  0.253  0.980 1.000 2.060 2.715 2.658 2.515 2.163  1.591  1.024
  600  3.2556  0.253  0.996 1.000 2.077 2.287 1.790 1.017 0.388  0.147  0.031
  999  1.1019  0.253  0.994 1.000 1.708 1.120 0.374 0.096 0.015  0.002  0.000
17 Mdust 0.4 = mineral dust (R.V.Martin)
  200  2.6071  0.402  0.862 1.000 2.190 3.255 3.624 4.518 4.572  5.092  4.820
  300  2.6071  0.402  0.862 1.000 2.190 3.255 3.624 4.518 4.572  5.092  4.820
  400  2.1923  0.402  0.941 1.000 1.517 2.098 1.515 2.102 1.809  2.234  2.079
  600  3.9815  0.402  0.993 1.000 2.085 2.791 2.764 2.694 2.379  1.855  1.308
  999  2.9227  0.402  0.996 1.000 2.079 2.211 1.661 0.887 0.289  0.090  0.018
18 Mdust 0.8 = mineral dust (R.V.Martin)
  200  2.3459  0.818  0.784 1.000 2.411 3.560 4.213 5.255 5.832  6.783  7.227
  300  2.3459  0.818  0.784 1.000 2.411 3.560 4.213 5.255 5.832  6.783  7.227
  400  2.3417  0.818  0.907 1.000 2.223 3.180 3.372 4.151 4.298  5.044  5.206
  600  2.4688  0.818  0.978 1.000 1.987 2.992 3.061 4.004 3.935  4.526  4.272
  999  3.3741  0.818  0.992 1.000 1.984 2.703 2.614 2.793 2.687  2.533  2.298
19 Mdust 1.5 = mineral dust (R.V.Martin)
  200  2.1925  1.491  0.694 1.000 2.582 3.893 4.901 6.101 7.097  8.288  9.215
  300  2.1925  1.491  0.694 1.000 2.582 3.893 4.901 6.101 7.097  8.288  9.215
  400  2.2457  1.491  0.860 1.000 2.380 3.497 3.982 5.010 5.498  6.555  7.020
  600  2.3919  1.491  0.964 1.000 2.237 3.288 3.523 4.492 4.768  5.704  5.996
  999  2.6314  1.491  0.980 1.000 2.133 3.236 3.499 4.489 4.582  5.171  5.055
20 Mdust 2.5 = mineral dust (R.V.Martin)
  200  2.1427  2.417  0.627 1.000 2.698 4.194 5.526 6.930 8.263  9.655 10.931
  300  2.1427  2.417  0.627 1.000 2.698 4.194 5.526 6.930 8.263  9.655 10.931
  400  2.1881  2.417  0.805 1.000 2.493 3.713 4.426 5.563 6.301  7.494  8.213
  600  2.1559  2.417  0.944 1.000 2.293 3.361 3.606 4.583 4.849  5.859  6.157
  999  2.3282  2.417  0.967 1.000 2.240 3.252 3.437 4.274 4.506  5.346  5.708
21 Mdust 4.0 = mineral dust (R.V.Martin)
  200  2.1045  3.721  0.582 1.000 2.769 4.422 5.990 7.568 9.129 10.687 12.200
  300  2.1045  3.721  0.582 1.000 2.769 4.422 5.990 7.568 9.129 10.687 12.200
  400  2.1191  3.721  0.742 1.000 2.580 3.887 4.812 6.027 7.005  8.295  9.268
  600  2.2094  3.721  0.925 1.000 2.402 3.575 4.016 5.102 5.567  6.724  7.229
  999  2.3429  3.721  0.956 1.000 2.358 3.499 3.877 4.861 5.221  6.222  6.690
22 S00(dar) Trop sulphate, RH=00 (n@550=1.53-0.01i log-norm: r=.07um/sigma=1.6)
  200  2.3328  0.121  0.9594  1.000 2.037 2.266 1.874 1.416 0.975 0.655 0.418
  300  2.3328  0.121  0.9594  1.000 2.037 2.266 1.874 1.416 0.975 0.655 0.418
  400  1.6118  0.121  0.9741  1.000 1.927 1.961 1.452 0.975 0.589 0.354 0.197
  600  0.7484  0.121  0.9625  1.000 1.675 1.485 0.882 0.484 0.234 0.118 0.053
 1000  0.2108  0.121  0.8417  1.000 1.183 0.959 0.382 0.145 0.049 0.019 0.006
23 S50(dar) Trop sulphate, RH=50 (n@550=1.44 0.00i log-norm: r=.09um/sigma=1.6)
  200  2.4175  0.149  0.9752  1.000 2.203 2.666 2.437 2.034 1.557 1.142 0.818
  300  2.4175  0.149  0.9752  1.000 2.203 2.666 2.437 2.034 1.557 1.142 0.818
  400  1.7099  0.149  0.9844  1.000 2.118 2.386 1.999 1.513 1.041 0.692 0.443
  600  0.8352  0.149  0.9776  1.000 1.888 1.864 1.299 0.824 0.468 0.265 0.141
 1000  0.2488  0.149  0.9056  1.000 1.405 1.196 0.592 0.272 0.113 0.049 0.020
24 S70(dar) Trop sulphate, RH=70 (n@550=1.41 0.00i log-norm: r=.09um/sigma=1.6)
  200  2.4852  0.162  0.9797  1.000 2.251 2.796 2.638 2.274 1.802 1.366 1.012
  300  2.4852  0.162  0.9797  1.000 2.251 2.796 2.638 2.274 1.802 1.366 1.012
  400  1.7947  0.162  0.9875  1.000 2.177 2.533 2.209 1.739 1.248 0.862 0.574
  600  0.8963  0.162  0.9822  1.000 1.966 2.016 1.483 0.988 0.593 0.350 0.197
 1000  0.2751  0.162  0.9261  1.000 1.498 1.307 0.697 0.343 0.152 0.070 0.030
25 S80(dar) Trop sulphate, RH=80 (n@550=1.40 0.00i log-norm: r=.10um/sigma=1.6)
  200  2.5571  0.174  0.9830  1.000 2.284 2.891 2.789 2.464 2.004 1.558 1.186
  300  2.5571  0.174  0.9830  1.000 2.284 2.891 2.789 2.464 2.004 1.558 1.186
  400  1.8800  0.174  0.9896  1.000 2.222 2.648 2.381 1.932 1.433 1.019 0.701
  600  0.9653  0.174  0.9855  1.000 2.026 2.140 1.642 1.137 0.711 0.435 0.255
 1000  0.3040  0.174  0.9408  1.000 1.577 1.407 0.795 0.413 0.193 0.093 0.042
26 S90(dar) Trop sulphate, RH=90 (n@550=1.38 0.00i log-norm: r=.11um/sigma=1.6)
  200  2.6967  0.198  0.9875  1.000 2.330 3.033 3.029 2.779 2.356 1.910 1.519
  300  2.6967  0.198  0.9875  1.000 2.330 3.033 3.029 2.779 2.356 1.910 1.519
  400  2.0587  0.198  0.9927  1.000 2.291 2.836 2.675 2.280 1.782 1.332 0.965
  600  1.1172  0.198  0.9901  1.000 2.125 2.359 1.937 1.431 0.958 0.623 0.388
 1000  0.3730  0.198  0.9613  1.000 1.716 1.601 0.996 0.566 0.290 0.150 0.074
27 S95(dar) Trop sulphate, RH=95 (n@550=1.36 0.00i log-norm: r=.13um/sigma=1.6)
  200  2.8355  0.227  0.9909  1.000 2.362 3.148 3.234 3.069 2.701 2.278 1.889
  300  2.8355  0.227  0.9909  1.000 2.362 3.148 3.234 3.069 2.701 2.278 1.889
  400  2.2825  0.227  0.9949  1.000 2.344 2.999 2.947 2.625 2.152 1.684 1.281
  600  1.3212  0.227  0.9935  1.000 2.213 2.576 2.251 1.767 1.262 0.869 0.575
 1000  0.4720  0.227  0.9759  1.000 1.855 1.821 1.243 0.769 0.430 0.239 0.127
28 S99(dar) Trop sulphate, RH=99 (n@550=1.34 0.00i log-norm: r=.18um/sigma=1.6)
  200  2.9980  0.304  0.9952  1.000 2.380 3.282 3.494 3.502 3.280 2.972 2.662
  300  2.9980  0.304  0.9952  1.000 2.380 3.282 3.494 3.502 3.280 2.972 2.662
  400  2.7329  0.304  0.9976  1.000 2.409 3.240 3.385 3.239 2.877 2.444 2.031
  600  1.8669  0.304  0.9974  1.000 2.351 2.966 2.873 2.503 2.002 1.530 1.130
 1000  0.7986  0.304  0.9914  1.000 2.104 2.302 1.850 1.336 0.875 0.558 0.342
29 BC00(rvm) Black C, RH=00 (n@550=1.75-.44i log-norm: r_g=.02um/sigma=1.6)
  200  0.9543  0.035  0.2627  1.000 0.982 0.787 0.280 0.094 0.029 0.009 0.003
  300  0.9543  0.035  0.2627  1.000 0.982 0.787 0.280 0.094 0.029 0.009 0.003
  400  0.6229  0.035  0.1935  1.000 0.742 0.658 0.167 0.042 0.010 0.002 0.001
  600  0.3282  0.035  0.1005  1.000 0.457 0.561 0.083 0.012 0.002 0.000 0.000
 1000  0.1694  0.035  0.0304  1.000 0.208 0.514 0.034 0.002 0.000 0.000 0.000
30 BC50(rvm) Black C, RH=50 (n@550=1.75-.44i log-norm: r_g=.02um/sigma=1.6)
  200  0.9543  0.035  0.2627  1.000 0.982 0.787 0.280 0.094 0.029 0.009 0.003
  300  0.9543  0.035  0.2627  1.000 0.982 0.787 0.280 0.094 0.029 0.009 0.003
  400  0.6229  0.035  0.1935  1.000 0.742 0.658 0.167 0.042 0.010 0.002 0.001
  600  0.3282  0.035  0.1005  1.000 0.457 0.561 0.083 0.012 0.002 0.000 0.000
 1000  0.1694  0.035  0.0304  1.000 0.208 0.514 0.034 0.002 0.000 0.000 0.000
31 BC70(rvm) Black C, RH=70 (n@550=1.75-.44i log-norm: r_g=.02um/sigma=1.6)
  200  0.9543  0.035  0.2627  1.000 0.982 0.787 0.280 0.094 0.029 0.009 0.003
  300  0.9543  0.035  0.2627  1.000 0.982 0.787 0.280 0.094 0.029 0.009 0.003
  400  0.6229  0.035  0.1935  1.000 0.742 0.658 0.167 0.042 0.010 0.002 0.001
  600  0.3282  0.035  0.1005  1.000 0.457 0.561 0.083 0.012 0.002 0.000 0.000
 1000  0.1694  0.035  0.0304  1.000 0.208 0.514 0.034 0.002 0.000 0.000 0.000
32 BC80(rvm) Black C, RH=80 (n@550=1.57-.25i log-norm: r_g=.02um/sigma=1.6)
  200  0.8137  0.042  0.3081  1.000 1.234 0.995 0.443 0.179 0.066 0.025 0.010
  300  0.8137  0.042  0.3081  1.000 1.234 0.995 0.443 0.179 0.066 0.025 0.010
  400  0.5268  0.042  0.2346  1.000 0.941 0.782 0.261 0.081 0.024 0.007 0.002
  600  0.2744  0.042  0.1306  1.000 0.581 0.611 0.124 0.024 0.005 0.001 0.000
 1000  0.1397  0.042  0.0423  1.000 0.268 0.526 0.049 0.004 0.000 0.000 0.000
33 BC90(rvm) Black C, RH=90 (n@550=1.48-.16i log-norm: r_g=.02um/sigma=1.6)
  200  0.7281  0.049  0.3790  1.000 1.442 1.211 0.629 0.293 0.125 0.054 0.023
  300  0.7281  0.049  0.3790  1.000 1.442 1.211 0.629 0.293 0.125 0.054 0.023
  400  0.4607  0.049  0.3004  1.000 1.124 0.923 0.373 0.137 0.047 0.017 0.006
  600  0.2321  0.049  0.1809  1.000 0.710 0.674 0.173 0.041 0.010 0.003 0.001
 1000  0.1137  0.049  0.0637  1.000 0.335 0.542 0.067 0.008 0.001 0.000 0.000
34 BC95(rvm) Black C, RH=95 (n@550=1.45-.13i log-norm: r_g=.02um/sigma=1.6)
  200  0.7045  0.052  0.4207  1.000 1.531 1.317 0.727 0.359 0.163 0.074 0.033
  300  0.7045  0.052  0.4207  1.000 1.531 1.317 0.727 0.359 0.163 0.074 0.033
  400  0.4397  0.052  0.3407  1.000 1.208 0.998 0.434 0.171 0.063 0.024 0.009
  600  0.2169  0.052  0.2138  1.000 0.775 0.709 0.201 0.052 0.013 0.004 0.001
 1000  0.1034  0.052  0.0791  1.000 0.371 0.552 0.077 0.010 0.001 0.000 0.000
35 BC99(rvm) Black C, RH=99 (n@550=1.39-.06i log-norm: r_g=.02um/sigma=1.6)
  200  0.7031  0.066  0.5963  1.000 1.812 1.715 1.134 0.670 0.362 0.192 0.100
  300  0.7031  0.066  0.5963  1.000 1.812 1.715 1.134 0.670 0.362 0.192 0.100
  400  0.4181  0.066  0.5233  1.000 1.500 1.304 0.706 0.345 0.155 0.070 0.031
  600  0.1882  0.066  0.3856  1.000 1.026 0.876 0.331 0.114 0.037 0.013 0.004
 1000  0.0776  0.066  0.1792  1.000 0.526 0.605 0.122 0.023 0.004 0.001 0.000
36 OC00(rvm) Organic C, RH=00 (n@550=1.53-.006i log-norm: r_g=.07um/sigma=1.6)
  200  2.4567  0.127  0.9590  1.000 2.050 2.314 1.944 1.498 1.053 0.721 0.470
  300  2.4567  0.127  0.9590  1.000 2.050 2.314 1.944 1.498 1.053 0.721 0.470
  400  1.7461  0.127  0.9744  1.000 1.950 2.020 1.529 1.049 0.648 0.396 0.224
  600  0.8395  0.127  0.9639  1.000 1.716 1.545 0.948 0.533 0.263 0.132 0.057
 1000  0.2405  0.127  0.8509  1.000 1.226 0.978 0.386 0.135 0.035 0.008 0.001
37 OC50(rvm) Organic C, RH=50 (n@550=1.46-.004i log-norm: r_g=.08um/sigma=1.6)
  200  2.3664  0.139  0.9709  1.000 2.157 2.549 2.263 1.833 1.360 0.969 0.672
  300  2.3664  0.139  0.9709  1.000 2.157 2.549 2.263 1.833 1.360 0.969 0.672
  400  1.6538  0.139  0.9816  1.000 2.062 2.254 1.820 1.328 0.878 0.564 0.346
  600  0.7904  0.139  0.9732  1.000 1.821 1.739 1.154 0.699 0.378 0.204 0.103
 1000  0.2297  0.139  0.8863  1.000 1.323 1.100 0.499 0.207 0.072 0.024 0.006
38 OC70(rvm) Organic C, RH=70 (n@550=1.44-.003i log-norm: r_g=.08um/sigma=1.6)
  200  2.3617  0.144  0.9747  1.000 2.191 2.630 2.380 1.964 1.486 1.077 0.761
  300  2.3617  0.144  0.9747  1.000 2.191 2.630 2.380 1.964 1.486 1.077 0.761
  400  1.6499  0.144  0.9839  1.000 2.100 2.340 1.933 1.443 0.978 0.641 0.403
  600  0.7916  0.144  0.9766  1.000 1.862 1.815 1.241 0.772 0.430 0.239 0.125
 1000  0.2319  0.144  0.9001  1.000 1.365 1.151 0.547 0.239 0.090 0.033 0.010
39 OC80(rvm) Organic C, RH=80 (n@550=1.43-.003i log-norm: r_g=.09um/sigma=1.6)
  200  2.3693  0.149  0.9775  1.000 2.217 2.695 2.476 2.074 1.594 1.172 0.841
  300  2.3693  0.149  0.9775  1.000 2.217 2.695 2.476 2.074 1.594 1.172 0.841
  400  1.6588  0.149  0.9857  1.000 2.130 2.410 2.029 1.542 1.066 0.711 0.456
  600  0.8003  0.149  0.9792  1.000 1.896 1.880 1.317 0.838 0.478 0.271 0.145
 1000  0.2364  0.149  0.9111  1.000 1.404 1.196 0.590 0.268 0.107 0.043 0.015
40 OC90(rvm) Organic C, RH=90 (n@550=1.41-.002i log-norm: r_g=.09um/sigma=1.6)
  200  2.4065  0.159  0.9818  1.000 2.259 2.802 2.642 2.270 1.793 1.353 0.997
  300  2.4065  0.159  0.9818  1.000 2.259 2.802 2.642 2.270 1.793 1.353 0.997
  400  1.7001  0.159  0.9885  1.000 2.181 2.532 2.202 1.728 1.235 0.849 0.563
  600  0.8328  0.159  0.9834  1.000 1.958 2.000 1.461 0.967 0.576 0.339 0.189
 1000  0.2506  0.159  0.9295  1.000 1.476 1.284 0.675 0.326 0.141 0.062 0.025
41 OC95(rvm) Organic C, RH=95 (n@550=1.39-.002i log-norm: r_g=.10um/sigma=1.6)
  200  2.4733  0.171  0.9856  1.000 2.296 2.906 2.808 2.476 2.009 1.558 1.180
  300  2.4733  0.171  0.9856  1.000 2.296 2.906 2.808 2.476 2.009 1.558 1.180
  400  1.7758  0.171  0.9910  1.000 2.229 2.655 2.386 1.933 1.429 1.014 0.696
  600  0.8901  0.171  0.9872  1.000 2.022 2.130 1.627 1.122 0.698 0.426 0.248
 1000  0.2747  0.171  0.9464  1.000 1.558 1.387 0.776 0.399 0.185 0.087 0.039
42 OC99(rvm) Organic C, RH=99 (n@550=1.36-.001i log-norm: r_g=.12um/sigma=1.6)
  200  2.6732  0.203  0.9913  1.000 2.354 3.089 3.121 2.890 2.475 2.026 1.625
  300  2.6732  0.203  0.9913  1.000 2.354 3.089 3.121 2.890 2.475 2.026 1.625
  400  2.0282  0.203  0.9948  1.000 2.316 2.896 2.769 2.389 1.891 1.431 1.049
  600  1.0918  0.203  0.9930  1.000 2.152 2.419 2.018 1.513 1.030 0.680 0.430
 1000  0.3631  0.203  0.9722  1.000 1.743 1.645 1.045 0.604 0.316 0.166 0.083
43 SSa00(rvm) Sea Salt (accum), RH=00 (n@550=1.50 log-norm: r=.09um/sigma=1.5)
  200  2.5412  0.129  1.0000  1.000 2.074 2.361 1.984 1.505 1.026 0.672 0.055
  300  2.5412  0.129  1.0000  1.000 2.074 2.361 1.984 1.505 1.026 0.672 0.055
  400  1.6772  0.129  1.0000  1.000 1.974 2.025 1.499 0.989 0.575 0.051 0.023
  600  0.7067  0.129  1.0000  1.000 1.677 1.457 0.821 0.093 0.033 0.013 0.004
 1000  0.1570  0.129  0.9979  1.000 1.075 0.866 0.086 0.021 0.005 0.001 0.000
44 SSa50(rvm) Sea Salt (accum), RH=50 (n@550=1.37 log-norm: r=.14um/sigma=1.5)
  200  2.9302  0.207  1.0000  1.000 2.349 3.097 3.138 2.908 2.481 2.006 1.581
  300  2.9302  0.207  1.0000  1.000 2.349 3.097 3.138 2.908 2.481 2.006 1.581
  400  2.2339  0.207  1.0000  1.000 2.316 2.893 2.749 2.338 1.807 1.323 0.928
  600  1.1660  0.207  1.0000  1.000 2.135 2.343 1.878 1.335 0.844 0.079 0.039
 1000  0.3550  0.207  0.9996  1.000 1.660 1.475 0.836 0.094 0.034 0.013 0.005
45 SSa70(rvm) Sea Salt (accum), RH=70 (n@550=1.36 log-norm: r=.15um/sigma=1.5)
  200  3.0398  0.233  1.0000  1.000 2.375 3.195 3.318 3.173 2.807 2.362 1.944
  300  3.0398  0.233  1.0000  1.000 2.375 3.195 3.318 3.173 2.807 2.362 1.944
  400  2.4455  0.233  1.0000  1.000 2.364 3.044 3.011 2.675 2.173 1.670 1.235
  600  1.3697  0.233  1.0000  1.000 2.217 2.551 2.180 1.650 1.119 0.727 0.060
 1000  0.4508  0.233  0.9997  1.000 1.798 1.678 1.047 0.580 0.051 0.021 0.008
46 SSa80(rvm) Sea Salt (accum), RH=80 (n@550=1.35 log-norm: r=.17um/sigma=1.5)
  200  3.1035  0.256  1.0000  1.000 2.386 3.251 3.427 3.349 3.039 2.631 2.235
  300  3.1035  0.256  1.0000  1.000 2.386 3.251 3.427 3.349 3.039 2.631 2.235
  400  2.6193  0.256  1.0000  1.000 2.394 3.146 3.196 2.928 2.464 1.962 1.509
  600  1.5557  0.256  1.0000  1.000 2.274 2.709 2.424 1.923 1.374 0.935 0.081
 1000  0.5476  0.256  0.9998  1.000 1.902 1.851 1.241 0.738 0.070 0.031 0.013
47 SSa90(rvm) Sea Salt (accum), RH=90 (n@550=1.34 log-norm: r=.20um/sigma=1.5)
  200  3.1322  0.306  1.0000  1.000 2.382 3.305 3.542 3.574 3.369 3.059 2.741
  300  3.1322  0.306  1.0000  1.000 2.382 3.305 3.542 3.574 3.369 3.059 2.741
  400  2.9072  0.306  1.0000  1.000 2.426 3.284 3.460 3.322 2.952 2.489 2.042
  600  1.9502  0.306  1.0000  1.000 2.358 2.965 2.849 2.437 1.894 1.395 0.982
 1000  0.7818  0.306  0.9999  1.000 2.069 2.179 1.647 1.101 0.653 0.058 0.027
48 SSa95(rvm) Sea Salt (accum), RH=95 (n@550=1.34 log-norm: r=.25um/sigma=1.5)
  200  3.0158  0.372  1.0000  1.000 2.353 3.310 3.566 3.702 3.607 3.433 3.241
  300  3.0158  0.372  1.0000  1.000 2.353 3.310 3.566 3.702 3.607 3.433 3.241
  400  3.0937  0.372  1.0000  1.000 2.431 3.365 3.632 3.624 3.372 3.000 2.614
  600  2.4069  0.372  1.0000  1.000 2.421 3.184 3.245 2.968 2.489 1.975 1.508
 1000  1.1240  0.372  0.9999  1.000 2.216 2.530 2.138 1.598 1.069 0.685 0.055
49 SSa99(rvm) Sea Salt (accum), RH=99 (n@550=1.33 log-norm: r=.41um/sigma=1.5)
  200  2.4962  0.613  1.0000  1.000 2.281 3.326 3.596 4.004 4.178 4.400 4.581
  300  2.4962  0.613  1.0000  1.000 2.281 3.326 3.596 4.004 4.178 4.400 4.581
  400  2.8177  0.613  1.0000  1.000 2.347 3.351 3.646 3.877 3.897 3.869 3.813
  600  3.0999  0.613  1.0000  1.000 2.452 3.433 3.763 3.818 3.628 3.306 2.953
 1000  2.2905  0.613  1.0000  1.000 2.435 3.205 3.275 2.994 2.510 1.990 1.516
50 SSc00(rvm) Sea Salt (coarse), RH=00 (n@550=1.50 log-norm: r=0.4um/sigma=1.8)
  200  2.3435  0.952  0.9999  1.000  2.19  3.22  3.36  4.18  4.28  4.97  5.15
  300  2.3435  0.952  0.9999  1.000  2.19  3.22  3.36  4.18  4.28  4.97  5.15
  400  2.4489  0.952  1.0000  1.000  2.13  3.10  3.17  3.85  3.88  4.37  4.46
  600  2.6771  0.952  1.0000  1.000  2.08  2.93  2.90  3.29  3.19  3.36  3.30
 1000  2.8998  0.952  0.9985  1.000  2.13  2.82  2.72  2.71  2.43  2.22  2.00
51 SSc50(rvm) Sea Salt (coarse), RH=50 (n@550=1.37 log-norm: r=0.6um/sigma=1.8)
  200  2.2492  1.534  1.0000  1.000  2.40  3.60  4.03  4.74  5.13  5.71  6.25
  300  2.2492  1.534  1.0000  1.000  2.40  3.60  4.03  4.74  5.13  5.71  6.25
  400  2.3182  1.534  1.0000  1.000  2.36  3.51  3.89  4.52  4.86  5.32  5.75
  600  2.4842  1.534  1.0000  1.000  2.31  3.37  3.67  4.13  4.31  4.57  4.79
 1000  2.7678  1.534  0.9994  1.000  2.33  3.29  3.52  3.71  3.66  3.58  3.49
52 SSc70(rvm) Sea Salt (coarse), RH=70 (n@550=1.36 log-norm: r=0.7um/sigma=1.8)
  200  2.2293  1.725  1.0000  1.000  2.42  3.65  4.13  4.83  5.27  5.85  6.43
  300  2.2293  1.725  1.0000  1.000  2.42  3.65  4.13  4.83  5.27  5.85  6.43
  400  2.2898  1.725  1.0000  1.000  2.39  3.58  4.01  4.65  5.03  5.52  5.99
  600  2.4343  1.725  1.0000  1.000  2.34  3.44  3.79  4.28  4.53  4.83  5.10
 1000  2.7189  1.725  0.9995  1.000  2.34  3.34  3.62  3.86  3.87  3.85  3.82
53 SSc80(rvm) Sea Salt (coarse), RH=80 (n@550=1.35 log-norm: r=0.8um/sigma=1.8)
  200  2.2140  1.899  1.0000  1.000  2.45  3.69  4.20  4.90  5.38  5.96  6.57
  300  2.2140  1.899  1.0000  1.000  2.45  3.69  4.20  4.90  5.38  5.96  6.57
  400  2.2684  1.899  1.0000  1.000  2.41  3.62  4.09  4.74  5.16  5.66  6.17
  600  2.3962  1.899  1.0000  1.000  2.36  3.49  3.87  4.39  4.69  5.03  5.34
 1000  2.6723  1.899  0.9996  1.000  2.35  3.38  3.68  3.97  4.03  4.06  4.08
54 SSc90(rvm) Sea Salt (coarse), RH=90 (n@550=1.34 log-norm: r=1.0um/sigma=1.8)
  200  2.1887  2.274  1.0000  1.000  2.48  3.75  4.31  5.01  5.54  6.13  6.79
  300  2.1887  2.274  1.0000  1.000  2.48  3.75  4.31  5.01  5.54  6.13  6.79
  400  2.2336  2.274  1.0000  1.000  2.45  3.70  4.23  4.88  5.37  5.89  6.46
  600  2.3331  2.274  1.0000  1.000  2.39  3.57  4.02  4.59  4.96  5.36  5.76
 1000  2.5766  2.274  0.9997  1.000  2.36  3.44  3.79  4.15  4.30  4.44  4.55
55 SSc95(rvm) Sea Salt (coarse), RH=95 (n@550=1.34 log-norm: r=1.2um/sigma=1.8)
  200  2.1641  2.780  1.0000  1.000  2.51  3.80  4.41  5.11  5.68  6.29  7.00
  300  2.1641  2.780  1.0000  1.000  2.51  3.80  4.41  5.11  5.68  6.29  7.00
  400  2.2020  2.780  1.0000  1.000  2.48  3.76  4.35  5.01  5.56  6.10  6.73
  600  2.2780  2.780  1.0000  1.000  2.43  3.66  4.17  4.77  5.22  5.68  6.16
 1000  2.4698  2.780  0.9997  1.000  2.37  3.50  3.90  4.34  4.59  4.84  5.06
56 SSc99(rvm) Sea Salt (coarse), RH=99 (n@550=1.33 log-norm: r=2.0um/sigma=1.8)
  200  2.1146  4.669  1.0000  1.000  2.55  3.89  4.57  5.27  5.92  6.56  7.37
  300  2.1146  4.669  1.0000  1.000  2.55  3.89  4.57  5.27  5.92  6.56  7.37
  400  2.1402  4.669  1.0000  1.000  2.54  3.88  4.55  5.23  5.87  6.46  7.21
  600  2.1865  4.669  1.0000  1.000  2.51  3.82  4.45  5.10  5.69  6.23  6.88
 1000  2.2787  4.669  0.9998  1.000  2.44  3.68  4.22  4.81  5.28  5.72  6.19
57 BR00(msh) Brown C, RH=00 (n@550=1.53-.006i log-norm: r_g=.07um/sigma=1.6)
  200  2.4036  0.127  0.8046  1.000 2.133 2.392 2.070 1.596 1.148 0.788 0.526 
  300  2.4036  0.127  0.8046  1.000 2.133 2.392 2.070 1.596 1.148 0.788 0.526
  400  1.7547  0.127  0.8966  1.000 1.978 2.038 1.557 1.065 0.664 0.404 0.232
  600  0.8395  0.127  0.9639  1.000 1.716 1.545 0.948 0.533 0.263 0.132 0.057
 1000  0.2405  0.127  0.8509  1.000 1.226 0.978 0.386 0.135 0.035 0.008 0.001
58 BR50(msh) Brown C, RH=50 (n@550=1.46-.004i log-norm: r_g=.08um/sigma=1.6)
  200  2.3833  0.139  0.8417  1.000 2.203 2.578 2.322 1.876 1.408 1.007 0.703
  300  2.3833  0.139  0.8417  1.000 2.203 2.578 2.322 1.876 1.408 1.007 0.703
  400  1.7260  0.139  0.9180  1.000 2.067 2.240 1.809 1.311 0.867 0.554 0.340
  600  0.7904  0.139  0.9732  1.000 1.821 1.739 1.154 0.699 0.378 0.204 0.103
 1000  0.2297  0.139  0.8863  1.000 1.323 1.100 0.499 0.207 0.072 0.024 0.006
59 BR70(msh) Brown C, RH=70 (n@550=1.44-.003i log-norm: r_g=.08um/sigma=1.6)
  200  2.3906  0.144  0.8557  1.000 2.228 2.648 2.424 1.993 1.521 1.106 0.786
  300  2.3906  0.144  0.8557  1.000 2.228 2.648 2.424 1.993 1.521 1.106 0.786
  400  1.7318  0.144  0.9260  1.000 2.101 2.320 1.914 1.418 0.959 0.626 0.393
  600  0.7916  0.144  0.9766  1.000 1.862 1.815 1.241 0.772 0.430 0.239 0.125
 1000  0.2319  0.144  0.9001  1.000 1.365 1.151 0.547 0.239 0.090 0.033 0.010
60 BR80(msh) Brown C, RH=80 (n@550=1.43-.003i log-norm: r_g=.09um/sigma=1.6)
  200  2.4036  0.149  0.8671  1.000 2.249 2.706 2.509 2.095 1.620 1.195 0.861
  300  2.4036  0.149  0.8671  1.000 2.249 2.706 2.509 2.095 1.620 1.195 0.861
  400  1.7444  0.149  0.9325  1.000 2.128 2.387 2.005 1.513 1.043 0.692 0.443
  600  0.8003  0.149  0.9792  1.000 1.896 1.880 1.317 0.838 0.478 0.271 0.145
 1000  0.2364  0.149  0.9111  1.000 1.404 1.196 0.590 0.268 0.107 0.043 0.015
61 BR90(msh) Brown C, RH=90 (n@550=1.41-.002i log-norm: r_g=.09um/sigma=1.6)
  200  2.4426  0.159  0.8865  1.000 2.283 2.807 2.663 2.281 1.809 1.369 1.012
  300  2.4426  0.159  0.8865  1.000 2.283 2.807 2.663 2.281 1.809 1.369 1.012
  400  1.7853  0.159  0.9435  1.000 2.176 2.506 2.173 1.694 1.207 0.826 0.546
  600  0.8328  0.159  0.9834  1.000 1.958 2.000 1.461 0.967 0.576 0.339 0.189
 1000  0.2506  0.159  0.9295  1.000 1.476 1.284 0.675 0.326 0.141 0.062 0.025
62 BR95(msh) Brown C, RH=95 (n@550=1.39-.002i log-norm: r_g=.10um/sigma=1.6)
  200  2.5041  0.171  0.9053  1.000 2.315 2.907 2.822 2.481 2.021 1.569 1.192
  300  2.5041  0.171  0.9053  1.000 2.315 2.907 2.822 2.481 2.021 1.569 1.192
  400  1.8540  0.171  0.9539  1.000 2.224 2.630 2.355 1.897 1.398 0.988 0.676
  600  0.8901  0.171  0.9872  1.000 2.022 2.130 1.627 1.122 0.698 0.426 0.248
 1000  0.2747  0.171  0.9464  1.000 1.558 1.387 0.776 0.399 0.185 0.087 0.039
63 BR99(msh) Brown C, RH=99 (n@550=1.36-.001i log-norm: r_g=.12um/sigma=1.6)
  200  2.6847  0.203  0.9377  1.000 2.367 3.090 3.131 2.896 2.487 2.039 1.639
  300  2.6847  0.203  0.9377  1.000 2.367 3.090 3.131 2.896 2.487 2.039 1.639
  400  2.0816  0.203  0.9716  1.000 2.311 2.877 2.742 2.358 1.862 1.405 1.029
  600  1.0918  0.203  0.9930  1.000 2.152 2.419 2.018 1.513 1.030 0.680 0.430
 1000  0.3631  0.203  0.9722  1.000 1.743 1.645 1.045 0.604 0.316 0.166 0.083
C============================end of scattering data==========================
