org RRTMG LUT interpolated from GADS (DAR 09/2013)
V0.1 - contains Fast-J wavelengths but is the same as the original jv_spec.dat values
  w(nm)   RH       N         iK  RgDry  RgWet      Sg       Q  Alpha  r-eff ss-alb  g-sym  pi(0)  pi(1)  pi(2)  pi(3)  pi(4)  pi(5)  pi(6)  pi(7)
  300.0   00  1.5300 -7.999e-03  0.021  0.073    1.60  2.4568  8.033  0.127  0.959  0.683  1.000  2.050  2.315  1.946  1.500  1.056  0.724  0.474
  400.0   00  1.5300 -5.000e-03  0.021  0.073    1.60  1.7466  5.711  0.127  0.974  0.650  1.000  1.951  2.021  1.530  1.052  0.652  0.400  0.229
  440.0   00  1.5300 -4.996e-03  0.021  0.073    1.60  1.5081  4.931  0.127  0.974  0.636  1.000  1.907  1.913  1.390  0.916  0.542  0.320  0.174
  500.0   00  1.5300 -5.000e-03  0.021  0.073    1.60  1.2077  3.949  0.127  0.973  0.612  1.000  1.837  1.764  1.203  0.747  0.414  0.232  0.118
  550.0   00  1.5300 -6.000e-03  0.021  0.073    1.60  1.0070  3.293  0.127  0.966  0.593  1.000  1.778  1.651  1.069  0.633  0.332  0.178  0.087
  600.0   00  1.5300 -6.000e-03  0.021  0.073    1.60  0.8410  2.750  0.127  0.964  0.572  1.000  1.716  1.548  0.951  0.538  0.268  0.138  0.064
  675.0   00  1.5298 -6.989e-03  0.021  0.073    1.60  0.6484  2.120  0.127  0.955  0.541  1.000  1.623  1.411  0.803  0.425  0.197  0.096  0.042
  800.0   00  1.5200 -1.000e-02  0.021  0.073    1.60  0.4210  1.377  0.127  0.923  0.490  1.000  1.471  1.228  0.620  0.294  0.123  0.055  0.022
  870.0   00  1.5182 -1.210e-02  0.021  0.073    1.60  0.3408  1.115  0.127  0.899  0.463  1.000  1.387  1.141  0.539  0.241  0.095  0.040  0.015
 1000.0   00  1.5200 -1.550e-02  0.021  0.073    1.60  0.2435  0.796  0.127  0.852  0.414  1.000  1.241  1.005  0.421  0.168  0.060  0.023  0.008
 1020.0   00  1.5192 -1.588e-02  0.021  0.073    1.60  0.2309  0.755  0.127  0.845  0.407  1.000  1.220  0.988  0.406  0.159  0.056  0.021  0.007
55555.6   00  1.9200 -4.000e-01  0.021  0.073    1.60  0.0128  0.042  0.127  0.000  0.001  1.000  0.003  0.500  0.000  0.000  0.000  0.000  0.000
23529.4   00  1.9504 -2.567e-01  0.021  0.073    1.60  0.0121  0.039  0.127  0.000  0.002  1.000  0.006  0.500  0.001  0.000  0.000  0.000  0.000
17699.1   00  2.0592 -2.111e-01  0.021  0.073    1.60  0.0123  0.041  0.127  0.001  0.004  1.000  0.012  0.500  0.002  0.000  0.000  0.000  0.000
15037.6   00  1.4183 -2.162e-01  0.021  0.073    1.60  0.0244  0.080  0.127  0.000  0.004  1.000  0.012  0.500  0.002  0.000  0.000  0.000  0.000
13157.9   00  1.6178 -6.092e-02  0.021  0.073    1.60  0.0068  0.022  0.127  0.003  0.006  1.000  0.017  0.500  0.003  0.000  0.000  0.000  0.000
11111.1   00  1.7079 -4.714e-02  0.021  0.073    1.60  0.0059  0.019  0.127  0.007  0.009  1.000  0.025  0.500  0.004  0.000  0.000  0.000  0.000
 9708.7   00  1.8911 -9.467e-02  0.021  0.073    1.60  0.0120  0.039  0.127  0.008  0.012  1.000  0.036  0.500  0.005  0.000  0.000  0.000  0.000
 8849.6   00  2.7038 -3.254e-01  0.021  0.073    1.60  0.0207  0.068  0.127  0.013  0.022  1.000  0.067  0.501  0.007  0.000  0.000  0.000  0.000
 7782.1   00  1.2547 -6.366e-02  0.021  0.073    1.60  0.0160  0.053  0.127  0.001  0.014  1.000  0.040  0.501  0.009  0.000  0.000  0.000  0.000
 6968.6   00  1.4342 -6.037e-02  0.021  0.073    1.60  0.0146  0.047  0.127  0.010  0.018  1.000  0.054  0.501  0.011  0.000  0.000  0.000  0.000
 6097.6   00  1.4177 -2.496e-02  0.021  0.073    1.60  0.0072  0.024  0.127  0.026  0.023  1.000  0.070  0.502  0.013  0.000  0.000  0.000  0.000
 5154.6   00  1.4492 -1.321e-02  0.021  0.073    1.60  0.0047  0.016  0.127  0.093  0.033  1.000  0.099  0.504  0.019  0.001  0.000  0.000  0.000
 4618.9   00  1.4579 -1.330e-02  0.021  0.073    1.60  0.0055  0.018  0.127  0.112  0.041  1.000  0.123  0.506  0.024  0.001  0.000  0.000  0.000
 4319.7   00  1.4606 -1.051e-02  0.021  0.073    1.60  0.0049  0.016  0.127  0.199  0.047  1.000  0.140  0.508  0.027  0.001  0.000  0.000  0.000
 4016.1   00  1.4555 -5.172e-03  0.021  0.073    1.60  0.0033  0.011  0.127  0.347  0.054  1.000  0.160  0.511  0.031  0.002  0.000  0.000  0.000
 3418.8   00  1.4345 -6.693e-03  0.021  0.073    1.60  0.0054  0.018  0.127  0.372  0.070  1.000  0.211  0.518  0.042  0.003  0.000  0.000  0.000
 3444.7   00  1.4395 -6.193e-03  0.021  0.073    1.60  0.0051  0.017  0.127  0.393  0.069  1.000  0.209  0.518  0.041  0.003  0.000  0.000  0.000
 2777.0   00  1.4173 -2.410e-02  0.021  0.073    1.60  0.0195  0.064  0.127  0.184  0.101  1.000  0.302  0.537  0.062  0.007  0.001  0.000  0.000
 2320.2   00  1.4133 -6.521e-03  0.021  0.073    1.60  0.0129  0.042  0.127  0.553  0.135  1.000  0.405  0.565  0.088  0.013  0.002  0.000  0.000
 2044.2   00  1.4152 -6.883e-03  0.021  0.073    1.60  0.0190  0.062  0.127  0.651  0.165  1.000  0.496  0.595  0.111  0.020  0.004  0.001  0.000
 1778.4   00  1.4636 -1.643e-02  0.021  0.073    1.60  0.0435  0.142  0.127  0.597  0.209  1.000  0.625  0.642  0.144  0.030  0.007  0.002  0.000
 1455.2   00  1.5119 -2.229e-02  0.021  0.073    1.60  0.0921  0.301  0.127  0.671  0.277  1.000  0.834  0.734  0.209  0.057  0.015  0.005  0.001
 1270.3   00  1.5100 -1.934e-02  0.021  0.073    1.60  0.1276  0.418  0.127  0.751  0.325  1.000  0.976  0.818  0.271  0.086  0.025  0.008  0.003
  944.3   00  1.5211 -1.422e-02  0.021  0.073    1.60  0.2825  0.924  0.127  0.872  0.434  1.000  1.302  1.058  0.466  0.195  0.072  0.029  0.010
  693.5   00  1.5298 -6.951e-03  0.021  0.073    1.60  0.6088  1.990  0.127  0.954  0.534  1.000  1.600  1.380  0.771  0.401  0.183  0.088  0.038
  527.1   00  1.5300 -5.576e-03  0.021  0.073    1.60  1.0939  3.577  0.127  0.969  0.602  1.000  1.805  1.701  1.128  0.682  0.367  0.201  0.100
  399.8   00  1.5300 -5.006e-03  0.021  0.073    1.60  1.7482  5.716  0.127  0.974  0.650  1.000  1.951  2.022  1.531  1.053  0.653  0.401  0.229
  329.1   00  1.5300 -4.331e-03  0.021  0.073    1.60  2.2405  7.326  0.127  0.977  0.672  1.000  2.016  2.218  1.801  1.338  0.900  0.594  0.368
  229.8   00  1.5300 -3.329e-02  0.021  0.073    1.60  2.8008  9.158  0.127  0.842  0.721  1.000  2.163  2.557  2.335  1.938  1.504  1.115  0.809
 7082.2   00  1.4183 -6.622e-02  0.021  0.073    1.60  0.0159  0.052  0.127  0.007  0.018  1.000  0.052  0.501  0.010  0.000  0.000  0.000  0.000
  300.0   50  1.4662 -5.180e-03  0.021  0.080    1.60  2.3663  7.086  0.139  0.971  0.719  1.000  2.157  2.549  2.263  1.834  1.361  0.970  0.673
  400.0   50  1.4627 -3.240e-03  0.021  0.080    1.60  1.6541  4.953  0.139  0.982  0.687  1.000  2.062  2.255  1.821  1.330  0.880  0.566  0.348
  440.0   50  1.4621 -3.237e-03  0.021  0.080    1.60  1.4240  4.264  0.139  0.981  0.673  1.000  2.018  2.141  1.662  1.167  0.740  0.459  0.271
  500.0   50  1.4613 -3.240e-03  0.021  0.080    1.60  1.1372  3.405  0.139  0.980  0.649  1.000  1.946  1.979  1.449  0.961  0.573  0.338  0.188
  550.0   50  1.4606 -3.890e-03  0.021  0.080    1.60  0.9465  2.834  0.139  0.975  0.628  1.000  1.885  1.855  1.293  0.820  0.465  0.263  0.140
  600.0   50  1.4603 -3.890e-03  0.021  0.080    1.60  0.7908  2.368  0.139  0.973  0.607  1.000  1.821  1.739  1.155  0.700  0.379  0.206  0.105
  675.0   50  1.4597 -4.521e-03  0.021  0.080    1.60  0.6108  1.829  0.139  0.966  0.575  1.000  1.725  1.584  0.979  0.556  0.281  0.145  0.070
  800.0   50  1.4527 -6.480e-03  0.021  0.080    1.60  0.4002  1.198  0.139  0.942  0.522  1.000  1.567  1.370  0.756  0.387  0.176  0.083  0.037
  870.0   50  1.4513 -7.844e-03  0.021  0.080    1.60  0.3245  0.972  0.139  0.923  0.493  1.000  1.480  1.269  0.658  0.318  0.137  0.061  0.026
 1000.0   50  1.4520 -1.000e-02  0.021  0.080    1.60  0.2308  0.691  0.139  0.887  0.443  1.000  1.328  1.111  0.514  0.223  0.087  0.036  0.014
 1020.0   50  1.4514 -1.025e-02  0.021  0.080    1.60  0.2188  0.655  0.139  0.881  0.436  1.000  1.306  1.090  0.496  0.212  0.081  0.033  0.013
55555.6   50  1.7830 -1.410e-01  0.021  0.080    1.60  0.0056  0.017  0.139  0.000  0.001  1.000  0.003  0.500  0.001  0.000  0.000  0.000  0.000
23529.4   50  1.7979 -3.812e-02  0.021  0.080    1.60  0.0022  0.007  0.139  0.003  0.003  1.000  0.007  0.500  0.001  0.000  0.000  0.000  0.000
17699.1   50  1.8304  1.394e-02  0.021  0.080    1.60  0.0000  0.000  0.139  0.009  0.004  1.000  0.013  0.500  0.002  0.000  0.000  0.000  0.000
15037.6   50  1.3669  1.906e-03  0.021  0.080    1.60  0.0000  0.000  0.139  0.000  0.005  1.000  0.014  0.500  0.003  0.000  0.000  0.000  0.000
13157.9   50  1.4549  7.238e-02  0.021  0.080    1.60  0.0000  0.000  0.139  0.000  0.006  1.000  0.018  0.500  0.004  0.000  0.000  0.000  0.000
11111.1   50  1.5101  6.600e-03  0.021  0.080    1.60  0.0000  0.000  0.139  0.000  0.009  1.000  0.027  0.500  0.005  0.000  0.000  0.000  0.000
 9708.7   50  1.6595 -4.492e-02  0.021  0.080    1.60  0.0074  0.022  0.139  0.012  0.012  1.000  0.038  0.501  0.006  0.000  0.000  0.000  0.000
 8849.6   50  2.1978 -1.978e-01  0.021  0.080    1.60  0.0223  0.067  0.139  0.013  0.020  1.000  0.061  0.501  0.007  0.000  0.000  0.000  0.000
 7782.1   50  1.2700 -2.920e-02  0.021  0.080    1.60  0.0081  0.024  0.139  0.000  0.016  1.000  0.048  0.501  0.010  0.000  0.000  0.000  0.000
 6968.6   50  1.3894 -3.016e-02  0.021  0.080    1.60  0.0083  0.025  0.139  0.074  0.022  1.000  0.064  0.502  0.013  0.000  0.000  0.000  0.000
 6097.6   50  1.3816  1.987e-02  0.021  0.080    1.60  0.0000  0.000  0.139  0.000  0.027  1.000  0.081  0.503  0.016  0.000  0.000  0.000  0.000
 5154.6   50  1.4056 -7.107e-03  0.021  0.080    1.60  0.0030  0.009  0.139  0.253  0.038  1.000  0.114  0.505  0.023  0.001  0.000  0.000  0.000
 4618.9   50  1.4126 -3.121e-03  0.021  0.080    1.60  0.0022  0.006  0.139  0.347  0.046  1.000  0.141  0.508  0.029  0.002  0.000  0.000  0.000
 4319.7   50  1.4172 -3.386e-03  0.021  0.080    1.60  0.0025  0.007  0.139  0.397  0.053  1.000  0.160  0.510  0.032  0.002  0.000  0.000  0.000
 4016.1   50  1.4184 -1.674e-03  0.021  0.080    1.60  0.0022  0.007  0.139  0.625  0.062  1.000  0.184  0.514  0.037  0.002  0.000  0.000  0.000
 3418.8   50  1.4273  1.668e-03  0.021  0.080    1.60  0.0017  0.005  0.139  1.000  0.082  1.000  0.246  0.525  0.049  0.005  0.000  0.000  0.000
 3444.7   50  1.4286  9.753e-04  0.021  0.080    1.60  0.0020  0.006  0.139  1.000  0.081  1.000  0.243  0.524  0.048  0.004  0.000  0.000  0.000
 2777.0   50  1.3683  6.382e-02  0.021  0.080    1.60  0.0000  0.000  0.139  0.577  0.114  1.000  0.343  0.549  0.074  0.009  0.001  0.000  0.000
 2320.2   50  1.3644 -1.946e-02  0.021  0.080    1.60  0.0225  0.067  0.139  0.579  0.151  1.000  0.453  0.581  0.104  0.017  0.003  0.000  0.000
 2044.2   50  1.3756 -6.006e-03  0.021  0.080    1.60  0.0199  0.060  0.139  0.748  0.184  1.000  0.554  0.619  0.132  0.026  0.005  0.001  0.000
 1778.4   50  1.4104 -1.027e-02  0.021  0.080    1.60  0.0404  0.121  0.139  0.687  0.229  1.000  0.688  0.675  0.173  0.041  0.009  0.003  0.001
 1455.2   50  1.4442 -1.428e-02  0.021  0.080    1.60  0.0852  0.255  0.139  0.739  0.301  1.000  0.904  0.788  0.253  0.077  0.022  0.007  0.002
 1270.3   50  1.4440 -1.250e-02  0.021  0.080    1.60  0.1203  0.360  0.139  0.806  0.352  1.000  1.055  0.888  0.330  0.116  0.038  0.013  0.005
  944.3   50  1.4530 -9.190e-03  0.021  0.080    1.60  0.2679  0.802  0.139  0.903  0.464  1.000  1.392  1.173  0.569  0.258  0.105  0.045  0.018
  693.5   50  1.4598 -4.498e-03  0.021  0.080    1.60  0.5742  1.719  0.139  0.966  0.567  1.000  1.701  1.548  0.940  0.526  0.261  0.133  0.063
  527.1   50  1.4609 -3.614e-03  0.021  0.080    1.60  1.0288  3.080  0.139  0.977  0.638  1.000  1.913  1.911  1.362  0.881  0.511  0.295  0.160
  399.8   50  1.4627 -3.244e-03  0.021  0.080    1.60  1.6556  4.958  0.139  0.982  0.687  1.000  2.062  2.256  1.822  1.331  0.881  0.567  0.349
  329.1   50  1.4647 -2.808e-03  0.021  0.080    1.60  2.1422  6.415  0.139  0.984  0.710  1.000  2.128  2.458  2.119  1.661  1.187  0.816  0.542
  229.8   50  1.4715 -2.153e-02  0.021  0.080    1.60  2.7576  8.257  0.139  0.884  0.745  1.000  2.236  2.749  2.602  2.250  1.808  1.386  1.045
 7082.2   50  1.3801 -3.275e-02  0.021  0.080    1.60  0.0090  0.027  0.139  0.041  0.021  1.000  0.061  0.502  0.013  0.000  0.000  0.000  0.000
  300.0   70  1.4481 -4.380e-03  0.021  0.083    1.60  2.3616  6.808  0.145  0.975  0.730  1.000  2.191  2.630  2.380  1.964  1.486  1.078  0.762
  400.0   70  1.4435 -2.740e-03  0.021  0.083    1.60  1.6501  4.757  0.145  0.984  0.700  1.000  2.100  2.340  1.934  1.444  0.979  0.643  0.405
  440.0   70  1.4427 -2.738e-03  0.021  0.083    1.60  1.4214  4.098  0.145  0.983  0.686  1.000  2.056  2.225  1.771  1.272  0.828  0.524  0.317
  500.0   70  1.4417 -2.740e-03  0.021  0.083    1.60  1.1364  3.276  0.145  0.983  0.662  1.000  1.986  2.061  1.549  1.054  0.645  0.389  0.222
  550.0   70  1.4408 -3.280e-03  0.021  0.083    1.60  0.9465  2.728  0.145  0.978  0.642  1.000  1.925  1.934  1.386  0.902  0.527  0.305  0.167
  600.0   70  1.4404 -3.280e-03  0.021  0.083    1.60  0.7918  2.283  0.145  0.977  0.621  1.000  1.862  1.815  1.241  0.773  0.431  0.240  0.126
  675.0   70  1.4397 -3.824e-03  0.021  0.083    1.60  0.6127  1.766  0.145  0.970  0.588  1.000  1.766  1.653  1.055  0.616  0.321  0.169  0.084
  800.0   70  1.4335 -5.470e-03  0.021  0.083    1.60  0.4034  1.163  0.145  0.949  0.536  1.000  1.609  1.431  0.817  0.431  0.203  0.098  0.045
  870.0   70  1.4322 -6.628e-03  0.021  0.083    1.60  0.3274  0.944  0.145  0.932  0.507  1.000  1.523  1.325  0.712  0.355  0.158  0.073  0.032
 1000.0   70  1.4326 -8.480e-03  0.021  0.083    1.60  0.2327  0.671  0.145  0.900  0.456  1.000  1.369  1.158  0.557  0.250  0.101  0.043  0.017
 1020.0   70  1.4321 -8.691e-03  0.021  0.083    1.60  0.2207  0.636  0.145  0.895  0.448  1.000  1.347  1.136  0.538  0.238  0.095  0.040  0.016
55555.6   70  1.7439 -6.690e-02  0.021  0.083    1.60  0.0029  0.008  0.145  0.000  0.001  1.000  0.003  0.500  0.001  0.000  0.000  0.000  0.000
23529.4   70  1.7545  2.415e-02  0.021  0.083    1.60  0.0000  0.000  0.145  0.000  0.003  1.000  0.007  0.500  0.001  0.000  0.000  0.000  0.000
17699.1   70  1.7652  7.801e-02  0.021  0.083    1.60  0.0000  0.000  0.145  0.000  0.004  1.000  0.013  0.500  0.002  0.000  0.000  0.000  0.000
15037.6   70  1.3522  6.407e-02  0.021  0.083    1.60  0.0000  0.000  0.145  0.000  0.005  1.000  0.015  0.500  0.003  0.000  0.000  0.000  0.000
13157.9   70  1.4085  1.105e-01  0.021  0.083    1.60  0.0000  0.000  0.145  0.000  0.007  1.000  0.019  0.500  0.004  0.000  0.000  0.000  0.000
11111.1   70  1.4537  2.185e-02  0.021  0.083    1.60  0.0000  0.000  0.145  0.000  0.010  1.000  0.028  0.500  0.006  0.000  0.000  0.000  0.000
 9708.7   70  1.5935 -3.062e-02  0.021  0.083    1.60  0.0056  0.016  0.145  0.014  0.013  1.000  0.040  0.501  0.007  0.000  0.000  0.000  0.000
 8849.6   70  2.0535 -1.605e-01  0.021  0.083    1.60  0.0216  0.062  0.145  0.013  0.020  1.000  0.061  0.501  0.008  0.000  0.000  0.000  0.000
 7782.1   70  1.2743 -1.933e-02  0.021  0.083    1.60  0.0055  0.016  0.145  0.000  0.018  1.000  0.052  0.501  0.011  0.000  0.000  0.000  0.000
 6968.6   70  1.3767 -2.161e-02  0.021  0.083    1.60  0.0062  0.018  0.145  0.417  0.022  1.000  0.068  0.503  0.014  0.000  0.000  0.000  0.000
 6097.6   70  1.3713  3.265e-02  0.021  0.083    1.60  0.0000  0.000  0.145  0.000  0.030  1.000  0.087  0.503  0.017  0.001  0.000  0.000  0.000
 5154.6   70  1.3931 -5.354e-03  0.021  0.083    1.60  0.0025  0.007  0.145  0.697  0.041  1.000  0.122  0.506  0.025  0.001  0.000  0.000  0.000
 4618.9   70  1.3997 -2.222e-04  0.021  0.083    1.60  0.0010  0.003  0.145  0.000  0.050  1.000  0.150  0.510  0.030  0.002  0.000  0.000  0.000
 4319.7   70  1.4049 -1.357e-03  0.021  0.083    1.60  0.0017  0.005  0.145  1.000  0.057  1.000  0.171  0.512  0.035  0.002  0.000  0.000  0.000
 4016.1   70  1.4078 -6.759e-04  0.021  0.083    1.60  0.0019  0.005  0.145  1.000  0.066  1.000  0.196  0.516  0.040  0.003  0.000  0.000  0.000
 3418.8   70  1.4252  4.059e-03  0.021  0.083    1.60  0.0006  0.002  0.145  0.000  0.088  1.000  0.264  0.528  0.053  0.005  0.001  0.000  0.000
 3444.7   70  1.4255  3.025e-03  0.021  0.083    1.60  0.0012  0.004  0.145  0.000  0.086  1.000  0.260  0.527  0.052  0.005  0.001  0.000  0.000
 2777.0   70  1.3544  8.880e-02  0.021  0.083    1.60  0.0000  0.000  0.145  0.000  0.120  1.000  0.362  0.556  0.081  0.011  0.002  0.000  0.000
 2320.2   70  1.3505 -2.314e-02  0.021  0.083    1.60  0.0262  0.075  0.145  1.000  0.159  1.000  0.477  0.591  0.112  0.019  0.004  0.001  0.000
 2044.2   70  1.3644 -5.764e-03  0.021  0.083    1.60  0.0208  0.060  0.145  1.000  0.194  1.000  0.583  0.632  0.143  0.030  0.006  0.002  0.000
 1778.4   70  1.3952 -8.507e-03  0.021  0.083    1.60  0.0405  0.117  0.145  0.686  0.240  1.000  0.720  0.693  0.186  0.047  0.011  0.003  0.001
 1455.2   70  1.4249 -1.208e-02  0.021  0.083    1.60  0.0850  0.245  0.145  0.757  0.313  1.000  0.939  0.814  0.275  0.087  0.026  0.008  0.002
 1270.3   70  1.4253 -1.056e-02  0.021  0.083    1.60  0.1210  0.349  0.145  0.826  0.364  1.000  1.092  0.920  0.358  0.130  0.043  0.016  0.006
  944.3   70  1.4335 -7.782e-03  0.021  0.083    1.60  0.2700  0.779  0.145  0.914  0.477  1.000  1.433  1.224  0.617  0.289  0.122  0.053  0.022
  693.5   70  1.4398 -3.803e-03  0.021  0.083    1.60  0.5763  1.662  0.145  0.969  0.581  1.000  1.742  1.617  1.014  0.583  0.299  0.156  0.077
  527.1   70  1.4412 -3.051e-03  0.021  0.083    1.60  1.0284  2.964  0.145  0.980  0.651  1.000  1.953  1.991  1.458  0.968  0.578  0.341  0.190
  399.8   70  1.4435 -2.743e-03  0.021  0.083    1.60  1.6516  4.761  0.145  0.984  0.700  1.000  2.100  2.341  1.935  1.445  0.980  0.644  0.406
  329.1   70  1.4462 -2.375e-03  0.021  0.083    1.60  2.1368  6.160  0.145  0.986  0.721  1.000  2.164  2.542  2.238  1.789  1.306  0.915  0.621
  229.8   70  1.4549 -1.820e-02  0.021  0.083    1.60  2.7607  7.958  0.145  0.898  0.753  1.000  2.259  2.814  2.700  2.369  1.930  1.502  1.149
 7082.2   70  1.3692 -2.328e-02  0.021  0.083    1.60  0.0067  0.020  0.145  0.202  0.022  1.000  0.065  0.502  0.013  0.000  0.000  0.000  0.000
  300.0   80  1.4350 -3.800e-03  0.021  0.086    1.60  2.3693  6.605  0.149  0.977  0.739  1.000  2.217  2.695  2.476  2.074  1.594  1.173  0.842
  400.0   80  1.4298 -2.380e-03  0.021  0.086    1.60  1.6589  4.625  0.149  0.986  0.710  1.000  2.130  2.410  2.030  1.543  1.067  0.712  0.457
  440.0   80  1.4289 -2.378e-03  0.021  0.086    1.60  1.4306  3.989  0.149  0.985  0.696  1.000  2.087  2.295  1.863  1.365  0.906  0.584  0.360
  500.0   80  1.4277 -2.380e-03  0.021  0.086    1.60  1.1457  3.194  0.149  0.984  0.673  1.000  2.019  2.130  1.636  1.135  0.711  0.436  0.255
  550.0   80  1.4266 -2.850e-03  0.021  0.086    1.60  0.9553  2.663  0.149  0.980  0.653  1.000  1.959  2.001  1.468  0.975  0.583  0.344  0.192
  600.0   80  1.4261 -2.850e-03  0.021  0.086    1.60  0.8004  2.231  0.149  0.979  0.632  1.000  1.896  1.880  1.317  0.838  0.479  0.272  0.146
  675.0   80  1.4255 -3.325e-03  0.021  0.086    1.60  0.6207  1.730  0.149  0.973  0.601  1.000  1.802  1.715  1.122  0.670  0.359  0.193  0.098
  800.0   80  1.4198 -4.750e-03  0.021  0.086    1.60  0.4104  1.144  0.149  0.955  0.548  1.000  1.645  1.484  0.872  0.471  0.228  0.113  0.053
  870.0   80  1.4185 -5.754e-03  0.021  0.086    1.60  0.3335  0.930  0.149  0.941  0.519  1.000  1.558  1.374  0.761  0.389  0.178  0.084  0.038
 1000.0   80  1.4187 -7.360e-03  0.021  0.086    1.60  0.2369  0.660  0.149  0.911  0.469  1.000  1.406  1.201  0.597  0.276  0.115  0.050  0.021
 1020.0   80  1.4182 -7.544e-03  0.021  0.086    1.60  0.2247  0.626  0.149  0.907  0.462  1.000  1.384  1.178  0.576  0.262  0.108  0.046  0.019
55555.6   80  1.7158 -1.370e-02  0.021  0.086    1.60  0.0006  0.002  0.149  0.001  0.001  1.000  0.003  0.500  0.001  0.000  0.000  0.000  0.000
23529.4   80  1.7232  6.905e-02  0.021  0.086    1.60  0.0000  0.000  0.149  0.000  0.003  1.000  0.008  0.500  0.001  0.000  0.000  0.000  0.000
17699.1   80  1.7183  1.241e-01  0.021  0.086    1.60  0.0000  0.000  0.149  0.000  0.004  1.000  0.014  0.500  0.002  0.000  0.000  0.000  0.000
15037.6   80  1.3416  1.090e-01  0.021  0.086    1.60  0.0000  0.000  0.149  0.000  0.005  1.000  0.016  0.500  0.003  0.000  0.000  0.000  0.000
13157.9   80  1.3750  1.378e-01  0.021  0.086    1.60  0.0000  0.000  0.149  0.000  0.007  1.000  0.020  0.500  0.004  0.000  0.000  0.000  0.000
11111.1   80  1.4131  3.287e-02  0.021  0.086    1.60  0.0000  0.000  0.149  0.001  0.010  1.000  0.029  0.500  0.006  0.000  0.000  0.000  0.000
 9708.7   80  1.5460 -2.043e-02  0.021  0.086    1.60  0.0040  0.011  0.149  0.018  0.013  1.000  0.041  0.501  0.007  0.000  0.000  0.000  0.000
 8849.6   80  1.9498 -1.343e-01  0.021  0.086    1.60  0.0204  0.057  0.149  0.015  0.020  1.000  0.062  0.501  0.009  0.000  0.000  0.000  0.000
 7782.1   80  1.2775 -1.232e-02  0.021  0.086    1.60  0.0037  0.010  0.149  0.027  0.019  1.000  0.055  0.501  0.012  0.000  0.000  0.000  0.000
 6968.6   80  1.3675 -1.539e-02  0.021  0.086    1.60  0.0047  0.013  0.149  0.000  0.024  1.000  0.072  0.502  0.015  0.000  0.000  0.000  0.000
 6097.6   80  1.3639  4.184e-02  0.021  0.086    1.60  0.0000  0.000  0.149  0.000  0.031  1.000  0.093  0.504  0.019  0.001  0.000  0.000  0.000
 5154.6   80  1.3842 -4.103e-03  0.021  0.086    1.60  0.0021  0.006  0.149  1.000  0.043  1.000  0.129  0.507  0.026  0.001  0.000  0.000  0.000
 4618.9   80  1.3903  1.863e-03  0.021  0.086    1.60  0.0002  0.001  0.149  1.000  0.053  1.000  0.159  0.511  0.033  0.002  0.000  0.000  0.000
 4319.7   80  1.3959  1.039e-04  0.021  0.086    1.60  0.0012  0.003  0.149  1.000  0.060  1.000  0.180  0.514  0.036  0.002  0.000  0.000  0.000
 4016.1   80  1.4002  4.188e-05  0.021  0.086    1.60  0.0017  0.005  0.149  1.000  0.068  1.000  0.206  0.518  0.042  0.003  0.000  0.000  0.000
 3418.8   80  1.4237  5.767e-03  0.021  0.086    1.60  0.0000  0.000  0.149  0.000  0.093  1.000  0.279  0.532  0.057  0.006  0.001  0.000  0.000
 3444.7   80  1.4233  4.489e-03  0.021  0.086    1.60  0.0006  0.002  0.149  0.000  0.092  1.000  0.276  0.531  0.056  0.006  0.001  0.000  0.000
 2777.0   80  1.3444  1.066e-01  0.021  0.086    1.60  0.0000  0.000  0.149  0.000  0.126  1.000  0.381  0.562  0.085  0.013  0.002  0.000  0.000
 2320.2   80  1.3405 -2.573e-02  0.021  0.086    1.60  0.0294  0.082  0.149  0.961  0.166  1.000  0.499  0.599  0.119  0.022  0.004  0.001  0.000
 2044.2   80  1.3563 -5.573e-03  0.021  0.086    1.60  0.0219  0.061  0.149  0.861  0.203  1.000  0.609  0.644  0.152  0.033  0.007  0.002  0.001
 1778.4   80  1.3843 -7.250e-03  0.021  0.086    1.60  0.0411  0.115  0.149  0.749  0.250  1.000  0.750  0.709  0.200  0.052  0.013  0.004  0.001
 1455.2   80  1.4112 -1.038e-02  0.021  0.086    1.60  0.0860  0.240  0.149  0.789  0.324  1.000  0.972  0.838  0.294  0.096  0.029  0.010  0.003
 1270.3   80  1.4117 -9.140e-03  0.021  0.086    1.60  0.1230  0.343  0.149  0.846  0.376  1.000  1.127  0.951  0.383  0.144  0.050  0.019  0.006
  944.3   80  1.4195 -6.753e-03  0.021  0.086    1.60  0.2748  0.766  0.149  0.924  0.490  1.000  1.470  1.270  0.660  0.318  0.138  0.062  0.027
  693.5   80  1.4255 -3.307e-03  0.021  0.086    1.60  0.5842  1.629  0.149  0.972  0.593  1.000  1.778  1.677  1.080  0.635  0.335  0.177  0.089
  527.1   80  1.4271 -2.651e-03  0.021  0.086    1.60  1.0374  2.892  0.149  0.982  0.662  1.000  1.987  2.059  1.543  1.045  0.638  0.383  0.218
  399.8   80  1.4298 -2.383e-03  0.021  0.086    1.60  1.6604  4.629  0.149  0.986  0.710  1.000  2.130  2.411  2.031  1.544  1.068  0.713  0.458
  329.1   80  1.4328 -2.055e-03  0.021  0.086    1.60  2.1447  5.979  0.149  0.987  0.731  1.000  2.193  2.610  2.336  1.899  1.410  1.003  0.692
  229.8   80  1.4428 -1.587e-02  0.021  0.086    1.60  2.7710  7.725  0.149  0.908  0.758  1.000  2.276  2.865  2.779  2.469  2.035  1.603  1.241
 7082.2   80  1.3613 -1.639e-02  0.021  0.086    1.60  0.0049  0.014  0.149  0.000  0.023  1.000  0.069  0.502  0.015  0.000  0.000  0.000  0.000
  300.0   90  1.4156 -2.940e-03  0.021  0.092    1.60  2.4065  6.294  0.159  0.982  0.753  1.000  2.259  2.802  2.642  2.270  1.793  1.353  0.998
  400.0   90  1.4093 -1.840e-03  0.021  0.092    1.60  1.7001  4.447  0.159  0.989  0.727  1.000  2.181  2.532  2.202  1.728  1.235  0.850  0.564
  440.0   90  1.4082 -1.839e-03  0.021  0.092    1.60  1.4712  3.848  0.159  0.988  0.714  1.000  2.141  2.418  2.033  1.539  1.059  0.704  0.450
  500.0   90  1.4068 -1.840e-03  0.021  0.092    1.60  1.1839  3.097  0.159  0.988  0.692  1.000  2.075  2.254  1.797  1.293  0.841  0.533  0.323
  550.0   90  1.4055 -2.210e-03  0.021  0.092    1.60  0.9904  2.590  0.159  0.984  0.673  1.000  2.018  2.123  1.621  1.118  0.696  0.424  0.247
  600.0   90  1.4049 -2.210e-03  0.021  0.092    1.60  0.8328  2.178  0.159  0.983  0.653  1.000  1.958  2.000  1.461  0.967  0.576  0.339  0.190
  675.0   90  1.4041 -2.576e-03  0.021  0.092    1.60  0.6490  1.697  0.159  0.979  0.622  1.000  1.866  1.829  1.253  0.781  0.437  0.244  0.129
  800.0   90  1.3993 -3.680e-03  0.021  0.092    1.60  0.4331  1.133  0.159  0.964  0.571  1.000  1.713  1.587  0.981  0.555  0.282  0.145  0.071
  870.0   90  1.3982 -4.452e-03  0.021  0.092    1.60  0.3528  0.923  0.159  0.953  0.543  1.000  1.629  1.470  0.859  0.461  0.222  0.109  0.051
 1000.0   90  1.3980 -5.700e-03  0.021  0.092    1.60  0.2508  0.656  0.159  0.930  0.492  1.000  1.477  1.286  0.677  0.329  0.145  0.066  0.028
 1020.0   90  1.3975 -5.845e-03  0.021  0.092    1.60  0.2380  0.622  0.159  0.926  0.484  1.000  1.455  1.261  0.654  0.313  0.136  0.061  0.026
55555.6   90  1.6742  6.510e-02  0.021  0.092    1.60  0.0000  0.000  0.159  0.000  0.001  1.000  0.004  0.500  0.001  0.000  0.000  0.000  0.000
23529.4   90  1.6768  1.358e-01  0.021  0.092    1.60  0.0000  0.000  0.159  0.000  0.003  1.000  0.008  0.500  0.002  0.000  0.000  0.000  0.000
17699.1   90  1.6487  1.927e-01  0.021  0.092    1.60  0.0000  0.000  0.159  0.000  0.005  1.000  0.015  0.500  0.003  0.000  0.000  0.000  0.000
15037.6   90  1.3260  1.747e-01  0.021  0.092    1.60  0.0000  0.000  0.159  0.000  0.006  1.000  0.018  0.500  0.004  0.000  0.000  0.000  0.000
13157.9   90  1.3255  1.788e-01  0.021  0.092    1.60  0.0000  0.000  0.159  0.000  0.008  1.000  0.022  0.500  0.005  0.000  0.000  0.000  0.000
11111.1   90  1.3529  4.929e-02  0.021  0.092    1.60  0.0000  0.000  0.159  0.006  0.011  1.000  0.032  0.501  0.007  0.000  0.000  0.000  0.000
 9708.7   90  1.4755 -5.327e-03  0.021  0.092    1.60  0.0013  0.003  0.159  0.033  0.015  1.000  0.045  0.501  0.009  0.000  0.000  0.000  0.000
 8849.6   90  1.7958 -9.532e-02  0.021  0.092    1.60  0.0177  0.046  0.159  0.016  0.021  1.000  0.065  0.502  0.010  0.000  0.000  0.000  0.000
 7782.1   90  1.2822 -1.843e-03  0.021  0.092    1.60  0.0007  0.002  0.159  0.110  0.021  1.000  0.062  0.502  0.013  0.000  0.000  0.000  0.000
 6968.6   90  1.3538 -6.224e-03  0.021  0.092    1.60  0.0021  0.006  0.159  0.000  0.027  1.000  0.081  0.503  0.017  0.000  0.000  0.000  0.000
 6097.6   90  1.3529  5.550e-02  0.021  0.092    1.60  0.0000  0.000  0.159  0.000  0.035  1.000  0.105  0.505  0.022  0.001  0.000  0.000  0.000
 5154.6   90  1.3710 -2.258e-03  0.021  0.092    1.60  0.0016  0.004  0.159  0.324  0.048  1.000  0.145  0.509  0.029  0.002  0.000  0.000  0.000
 4618.9   90  1.3765  4.957e-03  0.021  0.092    1.60  0.0000  0.000  0.159  0.000  0.059  1.000  0.178  0.514  0.036  0.003  0.000  0.000  0.000
 4319.7   90  1.3827  2.264e-03  0.021  0.092    1.60  0.0003  0.001  0.159  0.000  0.067  1.000  0.202  0.518  0.041  0.003  0.000  0.000  0.000
 4016.1   90  1.3889  1.108e-03  0.021  0.092    1.60  0.0014  0.004  0.159  1.000  0.076  1.000  0.230  0.523  0.048  0.004  0.000  0.000  0.000
 3418.8   90  1.4215  8.351e-03  0.021  0.092    1.60  0.0000  0.000  0.159  0.000  0.103  1.000  0.311  0.540  0.064  0.007  0.001  0.000  0.000
 3444.7   90  1.4199  6.697e-03  0.021  0.092    1.60  0.0000  0.000  0.159  0.366  0.102  1.000  0.306  0.538  0.063  0.007  0.001  0.000  0.000
 2777.0   90  1.3294  1.338e-01  0.021  0.092    1.60  0.0000  0.000  0.159  0.000  0.139  1.000  0.417  0.576  0.097  0.016  0.003  0.001  0.000
 2320.2   90  1.3256 -2.977e-02  0.021  0.092    1.60  0.0354  0.092  0.159  0.998  0.182  1.000  0.546  0.617  0.135  0.027  0.006  0.001  0.000
 2044.2   90  1.3443 -5.328e-03  0.021  0.092    1.60  0.0245  0.063  0.159  0.910  0.221  1.000  0.663  0.669  0.173  0.041  0.010  0.003  0.001
 1778.4   90  1.3681 -5.368e-03  0.021  0.092    1.60  0.0436  0.114  0.159  0.802  0.270  1.000  0.809  0.744  0.228  0.064  0.018  0.006  0.002
 1455.2   90  1.3905 -7.982e-03  0.021  0.092    1.60  0.0902  0.236  0.159  0.831  0.346  1.000  1.038  0.889  0.336  0.118  0.038  0.014  0.005
 1270.3   90  1.3916 -7.061e-03  0.021  0.092    1.60  0.1302  0.341  0.159  0.878  0.399  1.000  1.197  1.014  0.437  0.175  0.064  0.025  0.009
  944.3   90  1.3988 -5.225e-03  0.021  0.092    1.60  0.2906  0.760  0.159  0.940  0.513  1.000  1.541  1.360  0.747  0.379  0.173  0.082  0.036
  693.5   90  1.4042 -2.562e-03  0.021  0.092    1.60  0.6118  1.600  0.159  0.978  0.615  1.000  1.843  1.790  1.207  0.741  0.409  0.225  0.118
  527.1   90  1.4060 -2.053e-03  0.021  0.092    1.60  1.0740  2.809  0.159  0.986  0.682  1.000  2.044  2.182  1.699  1.195  0.759  0.470  0.279
  399.8   90  1.4093 -1.842e-03  0.021  0.092    1.60  1.7016  4.451  0.159  0.989  0.727  1.000  2.181  2.533  2.203  1.729  1.236  0.851  0.565
  329.1   90  1.4129 -1.595e-03  0.021  0.092    1.60  2.1844  5.713  0.159  0.990  0.746  1.000  2.238  2.724  2.509  2.096  1.603  1.172  0.834
  229.8   90  1.4250 -1.221e-02  0.021  0.092    1.60  2.8038  7.333  0.159  0.925  0.768  1.000  2.303  2.950  2.912  2.643  2.224  1.790  1.417
 7082.2   90  1.3497 -6.228e-03  0.021  0.092    1.60  0.0021  0.006  0.159  0.044  0.026  1.000  0.079  0.503  0.016  0.000  0.000  0.000  0.000
  300.0   95  1.3997 -2.240e-03  0.021  0.099    1.60  2.4732  6.017  0.171  0.986  0.765  1.000  2.296  2.906  2.808  2.476  2.009  1.558  1.180
  400.0   95  1.3925 -1.400e-03  0.021  0.099    1.60  1.7758  4.320  0.171  0.991  0.743  1.000  2.229  2.655  2.386  1.933  1.429  1.014  0.696
  440.0   95  1.3913 -1.399e-03  0.021  0.099    1.60  1.5453  3.759  0.171  0.991  0.731  1.000  2.193  2.545  2.215  1.736  1.239  0.850  0.563
  500.0   95  1.3896 -1.400e-03  0.021  0.099    1.60  1.2526  3.048  0.171  0.990  0.711  1.000  2.132  2.384  1.976  1.475  0.998  0.655  0.412
  550.0   95  1.3882 -1.680e-03  0.021  0.099    1.60  1.0531  2.562  0.171  0.988  0.693  1.000  2.079  2.255  1.794  1.287  0.835  0.528  0.319
  600.0   95  1.3875 -1.680e-03  0.021  0.099    1.60  0.8902  2.166  0.171  0.987  0.674  1.000  2.022  2.131  1.627  1.122  0.698  0.426  0.248
  675.0   95  1.3866 -1.957e-03  0.021  0.099    1.60  0.6984  1.699  0.171  0.984  0.645  1.000  1.935  1.956  1.406  0.915  0.537  0.311  0.172
  800.0   95  1.3825 -2.800e-03  0.021  0.099    1.60  0.4713  1.147  0.171  0.973  0.596  1.000  1.789  1.706  1.111  0.659  0.352  0.189  0.096
  870.0   95  1.3815 -3.390e-03  0.021  0.099    1.60  0.3855  0.938  0.171  0.964  0.569  1.000  1.706  1.583  0.977  0.551  0.280  0.144  0.071
 1000.0   95  1.3811 -4.340e-03  0.021  0.099    1.60  0.2747  0.668  0.171  0.946  0.519  1.000  1.558  1.387  0.776  0.399  0.185  0.088  0.040
 1020.0   95  1.3807 -4.452e-03  0.021  0.099    1.60  0.2608  0.634  0.171  0.943  0.512  1.000  1.536  1.360  0.750  0.380  0.174  0.082  0.037
55555.6   95  1.6400  1.300e-01  0.021  0.099    1.60  0.0000  0.000  0.171  0.000  0.001  1.000  0.004  0.500  0.001  0.000  0.000  0.000  0.000
23529.4   95  1.6389  1.901e-01  0.021  0.099    1.60  0.0000  0.000  0.171  0.000  0.004  1.000  0.010  0.500  0.002  0.000  0.000  0.000  0.000
17699.1   95  1.5916  2.486e-01  0.021  0.099    1.60  0.0000  0.000  0.171  0.000  0.005  1.000  0.016  0.500  0.003  0.000  0.000  0.000  0.000
15037.6   95  1.3131  2.292e-01  0.021  0.099    1.60  0.0000  0.000  0.171  0.000  0.007  1.000  0.020  0.500  0.004  0.000  0.000  0.000  0.000
13157.9   95  1.2849  2.113e-01  0.021  0.099    1.60  0.0000  0.000  0.171  0.000  0.009  1.000  0.025  0.500  0.006  0.000  0.000  0.000  0.000
11111.1   95  1.3035  6.269e-02  0.021  0.099    1.60  0.0000  0.000  0.171  0.000  0.012  1.000  0.036  0.501  0.008  0.000  0.000  0.000  0.000
 9708.7   95  1.4178  7.147e-03  0.021  0.099    1.60  0.0000  0.000  0.171  0.000  0.016  1.000  0.050  0.501  0.010  0.000  0.000  0.000  0.000
 8849.6   95  1.6696 -6.320e-02  0.021  0.099    1.60  0.0141  0.035  0.171  0.025  0.023  1.000  0.070  0.502  0.011  0.000  0.000  0.000  0.000
 7782.1   95  1.2860  6.766e-03  0.021  0.099    1.60  0.0000  0.000  0.171  0.000  0.024  1.000  0.073  0.502  0.015  0.000  0.000  0.000  0.000
 6968.6   95  1.3426  1.342e-03  0.021  0.099    1.60  0.0000  0.000  0.171  0.000  0.031  1.000  0.093  0.504  0.019  0.001  0.000  0.000  0.000
 6097.6   95  1.3439  6.667e-02  0.021  0.099    1.60  0.0000  0.000  0.171  0.003  0.039  1.000  0.120  0.507  0.025  0.001  0.000  0.000  0.000
 5154.6   95  1.3601 -7.285e-04  0.021  0.099    1.60  0.0010  0.003  0.171  0.000  0.055  1.000  0.164  0.512  0.034  0.002  0.000  0.000  0.000
 4618.9   95  1.3652  7.505e-03  0.021  0.099    1.60  0.0000  0.000  0.171  0.000  0.067  1.000  0.201  0.517  0.042  0.003  0.000  0.000  0.000
 4319.7   95  1.3719  4.048e-03  0.021  0.099    1.60  0.0000  0.000  0.171  0.489  0.076  1.000  0.228  0.522  0.048  0.003  0.000  0.000  0.000
 4016.1   95  1.3796  1.978e-03  0.021  0.099    1.60  0.0014  0.004  0.171  1.000  0.086  1.000  0.260  0.529  0.055  0.005  0.001  0.000  0.000
 3418.8   95  1.4197  1.040e-02  0.021  0.099    1.60  0.0000  0.000  0.171  0.000  0.117  1.000  0.351  0.550  0.074  0.009  0.001  0.000  0.000
 3444.7   95  1.4171  8.465e-03  0.021  0.099    1.60  0.0000  0.000  0.171  0.795  0.115  1.000  0.346  0.548  0.072  0.008  0.001  0.000  0.000
 2777.0   95  1.3172  1.559e-01  0.021  0.099    1.60  0.0000  0.000  0.171  0.000  0.154  1.000  0.462  0.595  0.112  0.021  0.003  0.001  0.000
 2320.2   95  1.3134 -3.304e-02  0.021  0.099    1.60  0.0425  0.104  0.171  1.000  0.202  1.000  0.605  0.642  0.156  0.034  0.008  0.001  0.000
 2044.2   95  1.3344 -5.115e-03  0.021  0.099    1.60  0.0285  0.070  0.171  0.959  0.243  1.000  0.730  0.705  0.200  0.052  0.014  0.004  0.001
 1778.4   95  1.3549 -3.827e-03  0.021  0.099    1.60  0.0482  0.117  0.171  0.851  0.294  1.000  0.883  0.791  0.264  0.081  0.023  0.007  0.003
 1455.2   95  1.3737 -5.988e-03  0.021  0.099    1.60  0.0986  0.240  0.171  0.872  0.372  1.000  1.117  0.953  0.389  0.148  0.052  0.019  0.007
 1270.3   95  1.3752 -5.346e-03  0.021  0.099    1.60  0.1433  0.348  0.171  0.907  0.427  1.000  1.280  1.092  0.506  0.216  0.084  0.035  0.014
  944.3   95  1.3818 -3.978e-03  0.021  0.099    1.60  0.3178  0.773  0.171  0.954  0.540  1.000  1.620  1.466  0.855  0.457  0.220  0.108  0.051
  693.5   95  1.3867 -1.946e-03  0.021  0.099    1.60  0.6594  1.604  0.171  0.983  0.638  1.000  1.913  1.916  1.356  0.870  0.503  0.288  0.157
  527.1   95  1.3888 -1.561e-03  0.021  0.099    1.60  1.1394  2.772  0.171  0.989  0.701  1.000  2.104  2.313  1.875  1.370  0.906  0.583  0.358
  399.8   95  1.3925 -1.402e-03  0.021  0.099    1.60  1.7773  4.324  0.171  0.991  0.743  1.000  2.229  2.656  2.387  1.934  1.430  1.015  0.697
  329.1   95  1.3966 -1.213e-03  0.021  0.099    1.60  2.2570  5.491  0.171  0.992  0.760  1.000  2.280  2.836  2.685  2.306  1.817  1.369  1.002
  229.8   95  1.4105 -9.323e-03  0.021  0.099    1.60  2.8528  6.940  0.171  0.939  0.775  1.000  2.326  3.026  3.041  2.818  2.424  1.995  1.617
 7082.2   95  1.3401  2.135e-03  0.021  0.099    1.60  0.0000  0.000  0.171  0.000  0.030  1.000  0.090  0.503  0.019  0.001  0.000  0.000  0.000
  300.0   99  1.3770 -1.240e-03  0.021  0.117    1.60  2.6732  5.489  0.203  0.991  0.785  1.000  2.354  3.089  3.121  2.890  2.475  2.026  1.625
  400.0   99  1.3685 -7.730e-04  0.021  0.117    1.60  2.0282  4.165  0.203  0.995  0.772  1.000  2.316  2.896  2.769  2.389  1.891  1.431  1.049
  440.0   99  1.3671 -7.724e-04  0.021  0.117    1.60  1.7963  3.689  0.203  0.995  0.763  1.000  2.288  2.802  2.610  2.189  1.680  1.234  0.876
  500.0   99  1.3651 -7.730e-04  0.021  0.117    1.60  1.4897  3.059  0.203  0.995  0.747  1.000  2.242  2.657  2.377  1.911  1.401  0.987  0.670
  550.0   99  1.3635 -9.280e-04  0.021  0.117    1.60  1.2725  2.613  0.203  0.993  0.733  1.000  2.198  2.538  2.193  1.703  1.203  0.819  0.537
  600.0   99  1.3626 -9.280e-04  0.021  0.117    1.60  1.0918  2.242  0.203  0.993  0.717  1.000  2.152  2.419  2.018  1.513  1.030  0.680  0.430
  675.0   99  1.3618 -1.078e-03  0.021  0.117    1.60  0.8733  1.794  0.203  0.991  0.693  1.000  2.078  2.247  1.779  1.268  0.818  0.515  0.311
  800.0   99  1.3585 -1.550e-03  0.021  0.117    1.60  0.6074  1.247  0.203  0.986  0.650  1.000  1.951  1.990  1.445  0.949  0.563  0.329  0.185
  870.0   99  1.3576 -1.876e-03  0.021  0.117    1.60  0.5028  1.032  0.203  0.981  0.626  1.000  1.878  1.860  1.288  0.809  0.459  0.257  0.139
 1000.0   99  1.3568 -2.390e-03  0.021  0.117    1.60  0.3631  0.746  0.203  0.972  0.581  1.000  1.743  1.645  1.045  0.604  0.316  0.166  0.083
 1020.0   99  1.3565 -2.455e-03  0.021  0.117    1.60  0.3456  0.710  0.203  0.971  0.574  1.000  1.722  1.615  1.013  0.578  0.299  0.155  0.077
55555.6   99  1.5911  2.220e-01  0.021  0.117    1.60  0.0000  0.000  0.203  0.000  0.002  1.000  0.006  0.500  0.001  0.000  0.000  0.000  0.000
23529.4   99  1.5845  2.682e-01  0.021  0.117    1.60  0.0000  0.000  0.203  0.000  0.005  1.000  0.013  0.500  0.003  0.000  0.000  0.000  0.000
17699.1   99  1.5100  3.285e-01  0.021  0.117    1.60  0.0000  0.000  0.203  0.000  0.007  1.000  0.022  0.500  0.004  0.000  0.000  0.000  0.000
15037.6   99  1.2948  3.075e-01  0.021  0.117    1.60  0.0000  0.000  0.203  0.000  0.009  1.000  0.028  0.500  0.006  0.000  0.000  0.000  0.000
13157.9   99  1.2269  2.587e-01  0.021  0.117    1.60  0.0000  0.000  0.203  0.000  0.012  1.000  0.035  0.501  0.008  0.000  0.000  0.000  0.000
11111.1   99  1.2330  8.184e-02  0.021  0.117    1.60  0.0000  0.000  0.203  0.000  0.017  1.000  0.049  0.501  0.011  0.000  0.000  0.000  0.000
 9708.7   99  1.3352  2.489e-02  0.021  0.117    1.60  0.0000  0.000  0.203  0.000  0.023  1.000  0.067  0.502  0.014  0.000  0.000  0.000  0.000
 8849.6   99  1.4893 -1.754e-02  0.021  0.117    1.60  0.0056  0.012  0.203  0.041  0.029  1.000  0.087  0.503  0.017  0.001  0.000  0.000  0.000
 7782.1   99  1.2915  1.904e-02  0.021  0.117    1.60  0.0000  0.000  0.203  0.000  0.033  1.000  0.101  0.504  0.021  0.001  0.000  0.000  0.000
 6968.6   99  1.3267  1.206e-02  0.021  0.117    1.60  0.0000  0.000  0.203  0.000  0.043  1.000  0.126  0.507  0.027  0.001  0.000  0.000  0.000
 6097.6   99  1.3310  8.262e-02  0.021  0.117    1.60  0.0000  0.000  0.203  0.000  0.055  1.000  0.163  0.512  0.035  0.002  0.000  0.000  0.000
 5154.6   99  1.3445  1.444e-03  0.021  0.117    1.60  0.0005  0.001  0.203  0.000  0.074  1.000  0.221  0.521  0.047  0.004  0.000  0.000  0.000
 4618.9   99  1.3490  1.113e-02  0.021  0.117    1.60  0.0000  0.000  0.203  0.000  0.090  1.000  0.269  0.530  0.058  0.005  0.001  0.000  0.000
 4319.7   99  1.3565  6.585e-03  0.021  0.117    1.60  0.0000  0.000  0.203  0.667  0.101  1.000  0.303  0.538  0.066  0.007  0.001  0.000  0.000
 4016.1   99  1.3665  3.230e-03  0.021  0.117    1.60  0.0023  0.005  0.203  1.000  0.115  1.000  0.345  0.548  0.075  0.010  0.001  0.000  0.000
 3418.8   99  1.4171  1.339e-02  0.021  0.117    1.60  0.0000  0.000  0.203  0.000  0.154  1.000  0.461  0.583  0.101  0.017  0.003  0.001  0.000
 3444.7   99  1.4132  1.102e-02  0.021  0.117    1.60  0.0005  0.001  0.203  0.000  0.152  1.000  0.455  0.581  0.100  0.016  0.003  0.001  0.000
 2777.0   99  1.2998  1.873e-01  0.021  0.117    1.60  0.0000  0.000  0.203  0.000  0.187  1.000  0.563  0.655  0.150  0.057  0.006  0.003  0.000
 2320.2   99  1.2959 -3.767e-02  0.021  0.117    1.60  0.0620  0.127  0.203  1.000  0.255  1.000  0.766  0.721  0.220  0.055  0.017  0.004  0.001
 2044.2   99  1.3203 -4.807e-03  0.021  0.117    1.60  0.0428  0.088  0.203  1.000  0.302  1.000  0.905  0.809  0.283  0.089  0.028  0.009  0.003
 1778.4   99  1.3359 -1.630e-03  0.021  0.117    1.60  0.0675  0.138  0.203  0.926  0.356  1.000  1.069  0.925  0.371  0.137  0.047  0.018  0.006
 1455.2   99  1.3495 -3.145e-03  0.021  0.117    1.60  0.1329  0.273  0.203  0.935  0.438  1.000  1.315  1.134  0.545  0.240  0.098  0.041  0.017
 1270.3   99  1.3516 -2.908e-03  0.021  0.117    1.60  0.1935  0.397  0.203  0.953  0.493  1.000  1.478  1.304  0.700  0.344  0.154  0.070  0.032
  944.3   99  1.3575 -2.191e-03  0.021  0.117    1.60  0.4172  0.857  0.203  0.976  0.601  1.000  1.801  1.733  1.141  0.683  0.370  0.200  0.103
  693.5   99  1.3618 -1.073e-03  0.021  0.117    1.60  0.8284  1.701  0.203  0.991  0.686  1.000  2.059  2.206  1.724  1.214  0.772  0.481  0.287
  527.1   99  1.3642 -8.622e-04  0.021  0.117    1.60  1.3671  2.807  0.203  0.994  0.740  1.000  2.219  2.592  2.276  1.796  1.290  0.892  0.594
  399.8   99  1.3685 -7.739e-04  0.021  0.117    1.60  2.0297  4.168  0.203  0.995  0.772  1.000  2.316  2.897  2.770  2.390  1.892  1.432  1.050
  329.1   99  1.3733 -6.709e-04  0.021  0.117    1.60  2.4860  5.105  0.203  0.996  0.783  1.000  2.348  3.041  3.028  2.744  2.294  1.830  1.425
  229.8   99  1.3896 -5.149e-03  0.021  0.117    1.60  2.9662  6.092  0.203  0.961  0.784  1.000  2.353  3.152  3.262  3.148  2.827  2.441  2.081
 7082.2   99  1.3265  1.403e-02  0.021  0.117    1.60  0.0000  0.000  0.203  0.000  0.041  1.000  0.123  0.506  0.026  0.001  0.000  0.000  0.000
