so4 RRTMG LUT interpolated from GADS (DAR 09/2013)
V0.1 - contains Fast-J wavelengths but is the same as the original jv_spec.dat values
  w(nm)   RH       N         iK  RgDry  RgWet      Sg       Q  Alpha  r-eff ss-alb  g-sym  pi(0)  pi(1)  pi(2)  pi(3)  pi(4)  pi(5)  pi(6)  pi(7)
  300.0   00  1.5300 -7.999e-03  0.069  0.069    1.60  2.3316  8.520  0.121  0.959  0.679  1.000  2.037  2.265  1.873  1.415  0.975  0.655  0.418
  400.0   00  1.5300 -5.000e-03  0.069  0.069    1.60  1.6105  5.885  0.121  0.974  0.642  1.000  1.927  1.960  1.451  0.974  0.589  0.353  0.197
  440.0   00  1.5300 -4.996e-03  0.069  0.069    1.60  1.3779  5.035  0.121  0.973  0.626  1.000  1.879  1.850  1.311  0.842  0.485  0.280  0.149
  500.0   00  1.5300 -5.000e-03  0.069  0.069    1.60  1.0905  3.985  0.121  0.972  0.601  1.000  1.804  1.700  1.126  0.681  0.366  0.200  0.100
  550.0   00  1.5300 -6.000e-03  0.069  0.069    1.60  0.9019  3.296  0.121  0.965  0.580  1.000  1.740  1.587  0.995  0.573  0.292  0.153  0.072
  600.0   00  1.5300 -6.000e-03  0.069  0.069    1.60  0.7476  2.732  0.121  0.962  0.558  1.000  1.675  1.484  0.882  0.484  0.234  0.117  0.053
  675.0   00  1.5298 -6.989e-03  0.069  0.069    1.60  0.5711  2.087  0.121  0.952  0.526  1.000  1.576  1.349  0.740  0.378  0.169  0.080  0.034
  800.0   00  1.5200 -1.000e-02  0.069  0.069    1.60  0.3668  1.340  0.121  0.918  0.473  1.000  1.418  1.171  0.566  0.259  0.104  0.045  0.017
  870.0   00  1.5182 -1.210e-02  0.069  0.069    1.60  0.2957  1.080  0.121  0.892  0.444  1.000  1.332  1.087  0.490  0.210  0.080  0.032  0.012
 1000.0   00  1.5200 -1.550e-02  0.069  0.069    1.60  0.2105  0.769  0.121  0.842  0.394  1.000  1.182  0.958  0.381  0.145  0.049  0.018  0.006
 1020.0   00  1.5192 -1.588e-02  0.069  0.069    1.60  0.1995  0.729  0.121  0.834  0.387  1.000  1.160  0.942  0.368  0.137  0.046  0.017  0.005
55555.6   00  1.9200 -4.000e-01  0.069  0.069    1.60  0.0122  0.044  0.121  0.000  0.001  1.000  0.002  0.500  0.000  0.000  0.000  0.000  0.000
23529.4   00  1.9504 -2.567e-01  0.069  0.069    1.60  0.0114  0.041  0.121  0.000  0.002  1.000  0.006  0.500  0.001  0.000  0.000  0.000  0.000
17699.1   00  2.0592 -2.111e-01  0.069  0.069    1.60  0.0116  0.043  0.121  0.001  0.003  1.000  0.011  0.500  0.001  0.000  0.000  0.000  0.000
15037.6   00  1.4183 -2.162e-01  0.069  0.069    1.60  0.0231  0.084  0.121  0.000  0.004  1.000  0.011  0.500  0.002  0.000  0.000  0.000  0.000
13157.9   00  1.6178 -6.092e-02  0.069  0.069    1.60  0.0065  0.023  0.121  0.002  0.005  1.000  0.016  0.500  0.003  0.000  0.000  0.000  0.000
11111.1   00  1.7079 -4.714e-02  0.069  0.069    1.60  0.0056  0.020  0.121  0.006  0.008  1.000  0.023  0.500  0.004  0.000  0.000  0.000  0.000
 9708.7   00  1.8911 -9.467e-02  0.069  0.069    1.60  0.0113  0.042  0.121  0.007  0.011  1.000  0.033  0.500  0.005  0.000  0.000  0.000  0.000
 8849.6   00  2.7038 -3.254e-01  0.069  0.069    1.60  0.0195  0.071  0.121  0.011  0.020  1.000  0.060  0.501  0.005  0.000  0.000  0.000  0.000
 7782.1   00  1.2547 -6.366e-02  0.069  0.069    1.60  0.0152  0.056  0.121  0.001  0.011  1.000  0.036  0.501  0.008  0.000  0.000  0.000  0.000
 6968.6   00  1.4342 -6.037e-02  0.069  0.069    1.60  0.0138  0.051  0.121  0.009  0.016  1.000  0.049  0.501  0.010  0.000  0.000  0.000  0.000
 6097.6   00  1.4177 -2.496e-02  0.069  0.069    1.60  0.0068  0.025  0.121  0.022  0.022  1.000  0.063  0.502  0.013  0.000  0.000  0.000  0.000
 5154.6   00  1.4492 -1.321e-02  0.069  0.069    1.60  0.0044  0.016  0.121  0.082  0.030  1.000  0.089  0.504  0.017  0.001  0.000  0.000  0.000
 4618.9   00  1.4579 -1.330e-02  0.069  0.069    1.60  0.0052  0.019  0.121  0.097  0.037  1.000  0.111  0.505  0.021  0.001  0.000  0.000  0.000
 4319.7   00  1.4606 -1.051e-02  0.069  0.069    1.60  0.0046  0.017  0.121  0.176  0.042  1.000  0.126  0.507  0.024  0.001  0.000  0.000  0.000
 4016.1   00  1.4555 -5.172e-03  0.069  0.069    1.60  0.0030  0.011  0.121  0.312  0.048  1.000  0.144  0.509  0.028  0.001  0.000  0.000  0.000
 3418.8   00  1.4345 -6.693e-03  0.069  0.069    1.60  0.0049  0.018  0.121  0.337  0.064  1.000  0.191  0.515  0.038  0.003  0.000  0.000  0.000
 3444.7   00  1.4395 -6.193e-03  0.069  0.069    1.60  0.0046  0.017  0.121  0.357  0.063  1.000  0.189  0.515  0.037  0.003  0.000  0.000  0.000
 2777.0   00  1.4173 -2.410e-02  0.069  0.069    1.60  0.0179  0.065  0.121  0.162  0.092  1.000  0.275  0.532  0.055  0.006  0.000  0.000  0.000
 2320.2   00  1.4133 -6.521e-03  0.069  0.069    1.60  0.0111  0.041  0.121  0.518  0.124  1.000  0.371  0.555  0.078  0.010  0.002  0.000  0.000
 2044.2   00  1.4152 -6.883e-03  0.069  0.069    1.60  0.0164  0.060  0.121  0.621  0.152  1.000  0.456  0.580  0.100  0.016  0.003  0.001  0.000
 1778.4   00  1.4636 -1.643e-02  0.069  0.069    1.60  0.0378  0.138  0.121  0.567  0.193  1.000  0.578  0.622  0.129  0.026  0.005  0.001  0.000
 1455.2   00  1.5119 -2.229e-02  0.069  0.069    1.60  0.0798  0.292  0.121  0.646  0.260  1.000  0.780  0.707  0.188  0.048  0.012  0.004  0.001
 1270.3   00  1.5100 -1.934e-02  0.069  0.069    1.60  0.1101  0.402  0.121  0.731  0.306  1.000  0.919  0.783  0.244  0.073  0.021  0.007  0.002
  944.3   00  1.5211 -1.422e-02  0.069  0.069    1.60  0.2446  0.894  0.121  0.864  0.415  1.000  1.244  1.008  0.423  0.169  0.060  0.023  0.008
  693.5   00  1.5298 -6.951e-03  0.069  0.069    1.60  0.5351  1.956  0.121  0.951  0.518  1.000  1.552  1.319  0.709  0.356  0.157  0.073  0.031
  527.1   00  1.5300 -5.576e-03  0.069  0.069    1.60  0.9832  3.593  0.121  0.968  0.590  1.000  1.769  1.637  1.052  0.620  0.323  0.173  0.084
  399.8   00  1.5300 -5.006e-03  0.069  0.069    1.60  1.6120  5.891  0.121  0.974  0.642  1.000  1.927  1.961  1.452  0.975  0.590  0.354  0.197
  329.1   00  1.5300 -4.331e-03  0.069  0.069    1.60  2.1050  7.692  0.121  0.976  0.667  1.000  2.000  2.164  1.726  1.255  0.826  0.533  0.323
  229.8   00  1.5300 -3.329e-02  0.069  0.069    1.60  2.7178  9.931  0.121  0.845  0.717  1.000  2.151  2.511  2.260  1.839  1.397  1.015  0.720
 7082.2   00  1.4183 -6.622e-02  0.069  0.069    1.60  0.0151  0.056  0.121  0.007  0.016  1.000  0.047  0.501  0.009  0.000  0.000  0.000  0.000
  300.0   50  1.4450 -4.241e-03  0.069  0.086    1.60  2.4164  7.145  0.149  0.975  0.734  1.000  2.202  2.666  2.436  2.033  1.556  1.141  0.817
  400.0   50  1.4400 -2.650e-03  0.069  0.086    1.60  1.7087  5.052  0.149  0.984  0.706  1.000  2.118  2.385  1.998  1.512  1.040  0.692  0.442
  440.0   50  1.4392 -2.648e-03  0.069  0.086    1.60  1.4775  4.369  0.149  0.984  0.692  1.000  2.076  2.273  1.835  1.338  0.884  0.567  0.349
  500.0   50  1.4380 -2.650e-03  0.069  0.086    1.60  1.1871  3.510  0.149  0.983  0.669  1.000  2.008  2.110  1.612  1.114  0.694  0.424  0.246
  550.0   50  1.4370 -3.180e-03  0.069  0.086    1.60  0.9921  2.933  0.149  0.979  0.650  1.000  1.950  1.983  1.447  0.957  0.569  0.334  0.186
  600.0   50  1.4370 -3.180e-03  0.069  0.086    1.60  0.8343  2.467  0.149  0.978  0.629  1.000  1.888  1.863  1.299  0.823  0.467  0.264  0.141
  675.0   50  1.4357 -3.705e-03  0.069  0.086    1.60  0.6467  1.912  0.149  0.971  0.599  1.000  1.795  1.702  1.108  0.660  0.351  0.188  0.095
  800.0   50  1.4300 -5.300e-03  0.069  0.086    1.60  0.4289  1.268  0.149  0.952  0.547  1.000  1.641  1.475  0.862  0.464  0.224  0.110  0.051
  870.0   50  1.4290 -6.416e-03  0.069  0.086    1.60  0.3493  1.032  0.149  0.937  0.519  1.000  1.556  1.366  0.752  0.383  0.175  0.083  0.037
 1000.0   50  1.4290 -8.210e-03  0.069  0.086    1.60  0.2485  0.735  0.149  0.906  0.468  1.000  1.404  1.195  0.591  0.272  0.113  0.049  0.020
 1020.0   50  1.4284 -8.408e-03  0.069  0.086    1.60  0.2356  0.697  0.149  0.901  0.460  1.000  1.382  1.172  0.571  0.259  0.106  0.045  0.018
55555.6   50  1.7380 -3.700e-01  0.069  0.086    1.60  0.0162  0.048  0.149  0.000  0.001  1.000  0.003  0.500  0.001  0.000  0.000  0.000  0.000
23529.4   50  1.7473 -3.071e-01  0.069  0.086    1.60  0.0200  0.059  0.149  0.000  0.003  1.000  0.007  0.500  0.001  0.000  0.000  0.000  0.000
17699.1   50  1.7538 -3.133e-01  0.069  0.086    1.60  0.0271  0.080  0.149  0.001  0.004  1.000  0.013  0.500  0.002  0.000  0.000  0.000  0.000
15037.6   50  1.3491 -3.041e-01  0.069  0.086    1.60  0.0423  0.125  0.149  0.000  0.005  1.000  0.015  0.500  0.003  0.000  0.000  0.000  0.000
13157.9   50  1.4002 -1.821e-01  0.069  0.086    1.60  0.0279  0.082  0.149  0.001  0.007  1.000  0.020  0.500  0.004  0.000  0.000  0.000  0.000
11111.1   50  1.4433 -7.488e-02  0.069  0.086    1.60  0.0133  0.039  0.149  0.003  0.010  1.000  0.030  0.500  0.006  0.000  0.000  0.000  0.000
 9708.7   50  1.5824 -7.220e-02  0.069  0.086    1.60  0.0133  0.040  0.149  0.007  0.014  1.000  0.042  0.501  0.007  0.000  0.000  0.000  0.000
 8849.6   50  2.0286 -1.912e-01  0.069  0.086    1.60  0.0269  0.080  0.149  0.012  0.021  1.000  0.064  0.501  0.009  0.000  0.000  0.000  0.000
 7782.1   50  1.2749 -4.978e-02  0.069  0.086    1.60  0.0143  0.042  0.149  0.003  0.019  1.000  0.055  0.501  0.012  0.000  0.000  0.000  0.000
 6968.6   50  1.3749 -4.391e-02  0.069  0.086    1.60  0.0131  0.038  0.149  0.015  0.024  1.000  0.072  0.502  0.015  0.000  0.000  0.000  0.000
 6097.6   50  1.3693 -6.134e-02  0.069  0.086    1.60  0.0213  0.063  0.149  0.013  0.030  1.000  0.092  0.504  0.019  0.001  0.000  0.000  0.000
 5154.6   50  1.3906 -8.944e-03  0.069  0.086    1.60  0.0043  0.013  0.149  0.112  0.043  1.000  0.129  0.507  0.026  0.001  0.000  0.000  0.000
 4618.9   50  1.3976 -1.440e-02  0.069  0.086    1.60  0.0075  0.022  0.149  0.127  0.053  1.000  0.159  0.511  0.033  0.002  0.000  0.000  0.000
 4319.7   50  1.4027 -1.009e-02  0.069  0.086    1.60  0.0061  0.018  0.149  0.225  0.060  1.000  0.180  0.514  0.036  0.002  0.000  0.000  0.000
 4016.1   50  1.4058 -4.964e-03  0.069  0.086    1.60  0.0043  0.013  0.149  0.402  0.068  1.000  0.206  0.518  0.042  0.003  0.000  0.000  0.000
 3418.8   50  1.4253 -1.245e-02  0.069  0.086    1.60  0.0113  0.034  0.149  0.325  0.093  1.000  0.278  0.531  0.056  0.006  0.001  0.000  0.000
 3444.7   50  1.4251 -1.055e-02  0.069  0.086    1.60  0.0100  0.030  0.149  0.361  0.091  1.000  0.274  0.530  0.055  0.005  0.001  0.000  0.000
 2777.0   50  1.3521 -1.193e-01  0.069  0.086    1.60  0.0929  0.274  0.149  0.196  0.123  1.000  0.370  0.555  0.083  0.011  0.002  0.000  0.000
 2320.2   50  1.3481  1.713e-02  0.069  0.086    1.60  0.0000  0.000  0.149  0.691  0.167  1.000  0.502  0.601  0.119  0.022  0.004  0.001  0.000
 2044.2   50  1.3621 -1.551e-03  0.069  0.086    1.60  0.0199  0.059  0.149  0.774  0.203  1.000  0.609  0.644  0.152  0.033  0.007  0.002  0.001
 1778.4   50  1.3923 -9.207e-03  0.069  0.086    1.60  0.0442  0.131  0.149  0.734  0.250  1.000  0.751  0.709  0.199  0.051  0.013  0.004  0.001
 1455.2   50  1.4224 -1.200e-02  0.069  0.086    1.60  0.0917  0.271  0.149  0.778  0.324  1.000  0.973  0.837  0.292  0.095  0.029  0.010  0.004
 1270.3   50  1.4220 -1.030e-02  0.069  0.086    1.60  0.1298  0.383  0.149  0.838  0.376  1.000  1.128  0.948  0.380  0.142  0.049  0.019  0.007
  944.3   50  1.4303 -7.534e-03  0.069  0.086    1.60  0.2886  0.853  0.149  0.919  0.489  1.000  1.468  1.262  0.653  0.314  0.135  0.061  0.026
  693.5   50  1.4359 -3.684e-03  0.069  0.086    1.60  0.6091  1.801  0.149  0.970  0.591  1.000  1.772  1.664  1.066  0.625  0.328  0.173  0.086
  527.1   50  1.4373 -2.955e-03  0.069  0.086    1.60  1.0761  3.182  0.149  0.981  0.659  1.000  1.977  2.040  1.520  1.026  0.623  0.372  0.211
  399.8   50  1.4400 -2.653e-03  0.069  0.086    1.60  1.7102  5.057  0.149  0.984  0.706  1.000  2.118  2.386  1.999  1.513  1.041  0.693  0.443
  329.1   50  1.4429 -2.295e-03  0.069  0.086    1.60  2.1957  6.493  0.149  0.987  0.726  1.000  2.178  2.582  2.297  1.859  1.374  0.974  0.670
  229.8   50  1.4519 -1.765e-02  0.069  0.086    1.60  2.7974  8.271  0.149  0.899  0.756  1.000  2.267  2.843  2.748  2.435  2.005  1.577  1.221
 7082.2   50  1.3677 -4.861e-02  0.069  0.086    1.60  0.0143  0.042  0.149  0.012  0.023  1.000  0.070  0.502  0.015  0.000  0.000  0.000  0.000
  300.0   70  1.4230 -3.290e-03  0.069  0.093    1.60  2.4841  6.752  0.162  0.980  0.750  1.000  2.251  2.796  2.637  2.273  1.801  1.365  1.011
  400.0   70  1.4180 -2.060e-03  0.069  0.093    1.60  1.7934  4.875  0.162  0.987  0.726  1.000  2.177  2.532  2.208  1.738  1.247  0.861  0.574
  440.0   70  1.4163 -2.058e-03  0.069  0.093    1.60  1.5574  4.233  0.162  0.987  0.713  1.000  2.140  2.424  2.045  1.555  1.074  0.717  0.460
  500.0   70  1.4150 -2.060e-03  0.069  0.093    1.60  1.2623  3.431  0.162  0.987  0.693  1.000  2.078  2.263  1.814  1.311  0.857  0.546  0.332
  550.0   70  1.4140 -2.470e-03  0.069  0.093    1.60  1.0620  2.887  0.162  0.983  0.674  1.000  2.023  2.136  1.640  1.137  0.712  0.436  0.255
  600.0   70  1.4130 -2.470e-03  0.069  0.093    1.60  0.8953  2.434  0.162  0.982  0.655  1.000  1.966  2.015  1.482  0.987  0.592  0.350  0.197
  675.0   70  1.4130 -2.875e-03  0.069  0.093    1.60  0.7035  1.912  0.162  0.978  0.625  1.000  1.876  1.846  1.274  0.799  0.450  0.252  0.134
  800.0   70  1.4080 -4.120e-03  0.069  0.093    1.60  0.4724  1.284  0.162  0.962  0.576  1.000  1.729  1.607  1.002  0.572  0.293  0.151  0.074
  870.0   70  1.4067 -4.982e-03  0.069  0.093    1.60  0.3859  1.049  0.162  0.950  0.549  1.000  1.646  1.491  0.879  0.476  0.231  0.114  0.054
 1000.0   70  1.4060 -6.380e-03  0.069  0.093    1.60  0.2748  0.747  0.162  0.926  0.499  1.000  1.498  1.306  0.696  0.343  0.152  0.070  0.030
 1020.0   70  1.4055 -6.531e-03  0.069  0.093    1.60  0.2609  0.709  0.162  0.922  0.492  1.000  1.476  1.281  0.673  0.327  0.143  0.065  0.027
55555.6   70  1.6920 -3.620e-01  0.069  0.093    1.60  0.0180  0.049  0.162  0.000  0.001  1.000  0.004  0.500  0.001  0.000  0.000  0.000  0.000
23529.4   70  1.6956 -3.202e-01  0.069  0.093    1.60  0.0236  0.064  0.162  0.000  0.003  1.000  0.009  0.500  0.002  0.000  0.000  0.000  0.000
17699.1   70  1.6768 -3.387e-01  0.069  0.093    1.60  0.0339  0.092  0.162  0.001  0.005  1.000  0.015  0.500  0.003  0.000  0.000  0.000  0.000
15037.6   70  1.3326 -3.263e-01  0.069  0.093    1.60  0.0500  0.136  0.162  0.000  0.006  1.000  0.018  0.500  0.004  0.000  0.000  0.000  0.000
13157.9   70  1.3455 -2.119e-01  0.069  0.093    1.60  0.0367  0.100  0.162  0.001  0.008  1.000  0.023  0.500  0.005  0.000  0.000  0.000  0.000
11111.1   70  1.3770 -8.183e-02  0.069  0.093    1.60  0.0165  0.045  0.162  0.003  0.012  1.000  0.034  0.501  0.007  0.000  0.000  0.000  0.000
 9708.7   70  1.5043 -6.652e-02  0.069  0.093    1.60  0.0142  0.039  0.162  0.007  0.015  1.000  0.047  0.501  0.009  0.000  0.000  0.000  0.000
 8849.6   70  1.8581 -1.572e-01  0.069  0.093    1.60  0.0280  0.076  0.162  0.013  0.023  1.000  0.069  0.502  0.010  0.000  0.000  0.000  0.000
 7782.1   70  1.2800 -4.629e-02  0.069  0.093    1.60  0.0145  0.039  0.162  0.006  0.022  1.000  0.064  0.502  0.014  0.000  0.000  0.000  0.000
 6968.6   70  1.3592 -3.979e-02  0.069  0.093    1.60  0.0131  0.036  0.162  0.018  0.027  1.000  0.083  0.503  0.017  0.000  0.000  0.000  0.000
 6097.6   70  1.3578 -7.045e-02  0.069  0.093    1.60  0.0270  0.073  0.162  0.013  0.036  1.000  0.108  0.505  0.022  0.001  0.000  0.000  0.000
 5154.6   70  1.3758 -7.824e-03  0.069  0.093    1.60  0.0044  0.012  0.162  0.130  0.050  1.000  0.150  0.510  0.030  0.002  0.000  0.000  0.000
 4618.9   70  1.3823 -1.463e-02  0.069  0.093    1.60  0.0086  0.023  0.162  0.145  0.061  1.000  0.184  0.515  0.038  0.003  0.000  0.000  0.000
 4319.7   70  1.3885 -9.953e-03  0.069  0.093    1.60  0.0070  0.019  0.162  0.253  0.069  1.000  0.208  0.518  0.043  0.003  0.000  0.000  0.000
 4016.1   70  1.3937 -4.919e-03  0.069  0.093    1.60  0.0051  0.014  0.162  0.446  0.079  1.000  0.238  0.524  0.049  0.004  0.000  0.000  0.000
 3418.8   70  1.4231 -1.389e-02  0.069  0.093    1.60  0.0143  0.039  0.162  0.349  0.106  1.000  0.320  0.541  0.066  0.008  0.001  0.000  0.000
 3444.7   70  1.4219 -1.164e-02  0.069  0.093    1.60  0.0126  0.034  0.162  0.388  0.105  1.000  0.316  0.540  0.065  0.008  0.001  0.000  0.000
 2777.0   70  1.3356 -1.426e-01  0.069  0.093    1.60  0.1219  0.331  0.162  0.225  0.138  1.000  0.415  0.569  0.096  0.015  0.003  0.000  0.000
 2320.2   70  1.3318  2.294e-02  0.069  0.093    1.60  0.0000  0.000  0.162  0.757  0.189  1.000  0.567  0.627  0.141  0.029  0.006  0.001  0.000
 2044.2   70  1.3492 -2.238e-04  0.069  0.093    1.60  0.0231  0.063  0.162  0.823  0.228  1.000  0.683  0.679  0.180  0.044  0.011  0.003  0.001
 1778.4   70  1.3750 -7.383e-03  0.069  0.093    1.60  0.0495  0.134  0.162  0.792  0.277  1.000  0.831  0.756  0.236  0.068  0.019  0.006  0.002
 1455.2   70  1.4002 -9.428e-03  0.069  0.093    1.60  0.1013  0.276  0.162  0.825  0.354  1.000  1.062  0.904  0.347  0.124  0.041  0.015  0.005
 1270.3   70  1.3999 -8.003e-03  0.069  0.093    1.60  0.1442  0.392  0.162  0.873  0.407  1.000  1.221  1.031  0.451  0.184  0.068  0.027  0.010
  944.3   70  1.4069 -5.854e-03  0.069  0.093    1.60  0.3180  0.864  0.162  0.937  0.520  1.000  1.560  1.380  0.767  0.393  0.181  0.086  0.038
  693.5   70  1.4130 -2.860e-03  0.069  0.093    1.60  0.6635  1.803  0.162  0.977  0.619  1.000  1.855  1.807  1.228  0.760  0.422  0.233  0.123
  527.1   70  1.4145 -2.296e-03  0.069  0.093    1.60  1.1492  3.124  0.162  0.985  0.683  1.000  2.048  2.193  1.717  1.213  0.775  0.483  0.287
  399.8   70  1.4180 -2.062e-03  0.069  0.093    1.60  1.7949  4.879  0.162  0.987  0.726  1.000  2.177  2.533  2.209  1.739  1.248  0.862  0.575
  329.1   70  1.4207 -1.787e-03  0.069  0.093    1.60  2.2716  6.175  0.162  0.990  0.743  1.000  2.231  2.720  2.506  2.100  1.612  1.183  0.845
  229.8   70  1.4322 -1.365e-02  0.069  0.093    1.60  2.8497  7.746  0.162  0.916  0.766  1.000  2.297  2.942  2.907  2.647  2.239  1.812  1.444
 7082.2   70  1.3542 -4.418e-02  0.069  0.093    1.60  0.0144  0.039  0.162  0.015  0.027  1.000  0.081  0.503  0.017  0.000  0.000  0.000  0.000
  300.0   80  1.4090 -2.660e-03  0.069  0.100    1.60  2.5561  6.471  0.174  0.983  0.761  1.000  2.284  2.890  2.789  2.463  2.003  1.557  1.185
  400.0   80  1.4030 -1.660e-03  0.069  0.100    1.60  1.8788  4.756  0.174  0.990  0.741  1.000  2.222  2.648  2.380  1.931  1.432  1.018  0.700
  440.0   80  1.4013 -1.659e-03  0.069  0.100    1.60  1.6424  4.158  0.174  0.989  0.729  1.000  2.188  2.543  2.217  1.741  1.246  0.858  0.569
  500.0   80  1.4000 -1.660e-03  0.069  0.100    1.60  1.3430  3.400  0.174  0.989  0.710  1.000  2.131  2.387  1.983  1.484  1.008  0.663  0.418
  550.0   80  1.3990 -1.990e-03  0.069  0.100    1.60  1.1371  2.879  0.174  0.986  0.693  1.000  2.080  2.260  1.804  1.299  0.846  0.536  0.325
  600.0   80  1.3980 -1.990e-03  0.069  0.100    1.60  0.9644  2.441  0.174  0.985  0.675  1.000  2.026  2.139  1.641  1.136  0.710  0.435  0.254
  675.0   80  1.3968 -2.327e-03  0.069  0.100    1.60  0.7596  1.923  0.174  0.982  0.648  1.000  1.943  1.970  1.423  0.931  0.549  0.319  0.177
  800.0   80  1.3930 -3.320e-03  0.069  0.100    1.60  0.5175  1.310  0.174  0.970  0.600  1.000  1.801  1.723  1.130  0.675  0.363  0.195  0.100
  870.0   80  1.3916 -4.018e-03  0.069  0.100    1.60  0.4241  1.074  0.174  0.960  0.573  1.000  1.721  1.601  0.996  0.566  0.290  0.149  0.073
 1000.0   80  1.3910 -5.160e-03  0.069  0.100    1.60  0.3036  0.769  0.174  0.941  0.525  1.000  1.576  1.406  0.794  0.412  0.193  0.092  0.042
 1020.0   80  1.3905 -5.280e-03  0.069  0.100    1.60  0.2884  0.730  0.174  0.938  0.518  1.000  1.554  1.380  0.768  0.393  0.182  0.086  0.039
55555.6   80  1.6610 -3.570e-01  0.069  0.100    1.60  0.0195  0.049  0.174  0.000  0.002  1.000  0.005  0.500  0.001  0.000  0.000  0.000  0.000
23529.4   80  1.6613 -3.284e-01  0.069  0.100    1.60  0.0268  0.068  0.174  0.000  0.004  1.000  0.010  0.500  0.002  0.000  0.000  0.000  0.000
17699.1   80  1.6256 -3.555e-01  0.069  0.100    1.60  0.0398  0.100  0.174  0.001  0.006  1.000  0.018  0.500  0.003  0.000  0.000  0.000  0.000
15037.6   80  1.3208 -3.410e-01  0.069  0.100    1.60  0.0566  0.143  0.174  0.000  0.007  1.000  0.021  0.500  0.004  0.000  0.000  0.000  0.000
13157.9   80  1.3095 -2.322e-01  0.069  0.100    1.60  0.0443  0.112  0.174  0.001  0.009  1.000  0.026  0.500  0.006  0.000  0.000  0.000  0.000
11111.1   80  1.3334 -8.638e-02  0.069  0.100    1.60  0.0193  0.049  0.174  0.003  0.013  1.000  0.038  0.501  0.008  0.000  0.000  0.000  0.000
 9708.7   80  1.4521 -6.274e-02  0.069  0.100    1.60  0.0149  0.038  0.174  0.007  0.018  1.000  0.053  0.501  0.010  0.000  0.000  0.000  0.000
 8849.6   80  1.7451 -1.346e-01  0.069  0.100    1.60  0.0284  0.071  0.174  0.014  0.024  1.000  0.074  0.502  0.013  0.000  0.000  0.000  0.000
 7782.1   80  1.2840 -4.391e-02  0.069  0.100    1.60  0.0147  0.037  0.174  0.008  0.025  1.000  0.075  0.502  0.016  0.000  0.000  0.000  0.000
 6968.6   80  1.3490 -3.699e-02  0.069  0.100    1.60  0.0133  0.034  0.174  0.022  0.032  1.000  0.095  0.504  0.020  0.001  0.000  0.000  0.000
 6097.6   80  1.3490 -7.659e-02  0.069  0.100    1.60  0.0318  0.081  0.174  0.014  0.040  1.000  0.122  0.506  0.025  0.001  0.000  0.000  0.000
 5154.6   80  1.3668 -7.145e-03  0.069  0.100    1.60  0.0045  0.012  0.174  0.149  0.057  1.000  0.170  0.513  0.035  0.003  0.000  0.000  0.000
 4618.9   80  1.3724 -1.489e-02  0.069  0.100    1.60  0.0095  0.024  0.174  0.164  0.070  1.000  0.208  0.518  0.043  0.004  0.000  0.000  0.000
 4319.7   80  1.3788 -9.915e-03  0.069  0.100    1.60  0.0078  0.020  0.174  0.280  0.078  1.000  0.235  0.523  0.049  0.005  0.000  0.000  0.000
 4016.1   80  1.3856 -4.876e-03  0.069  0.100    1.60  0.0059  0.015  0.174  0.485  0.089  1.000  0.269  0.530  0.057  0.006  0.001  0.000  0.000
 3418.8   80  1.4211 -1.489e-02  0.069  0.100    1.60  0.0173  0.044  0.174  0.374  0.120  1.000  0.360  0.552  0.076  0.010  0.001  0.000  0.000
 3444.7   80  1.4192 -1.240e-02  0.069  0.100    1.60  0.0152  0.039  0.174  0.415  0.118  1.000  0.355  0.550  0.075  0.009  0.001  0.000  0.000
 2777.0   80  1.3246 -1.588e-01  0.069  0.100    1.60  0.1467  0.372  0.174  0.250  0.153  1.000  0.458  0.584  0.110  0.019  0.003  0.000  0.000
 2320.2   80  1.3215  2.695e-02  0.069  0.100    1.60  0.0000  0.000  0.174  0.808  0.209  1.000  0.626  0.654  0.162  0.036  0.009  0.002  0.000
 2044.2   80  1.3405  6.734e-04  0.069  0.100    1.60  0.0268  0.068  0.174  0.857  0.250  1.000  0.750  0.715  0.207  0.055  0.015  0.005  0.001
 1778.4   80  1.3624 -6.174e-03  0.069  0.100    1.60  0.0554  0.141  0.174  0.834  0.301  1.000  0.903  0.802  0.272  0.085  0.025  0.008  0.003
 1455.2   80  1.3851 -7.700e-03  0.069  0.100    1.60  0.1122  0.283  0.174  0.858  0.380  1.000  1.141  0.969  0.401  0.154  0.055  0.021  0.008
 1270.3   80  1.3849 -6.471e-03  0.069  0.100    1.60  0.1599  0.404  0.174  0.898  0.434  1.000  1.302  1.110  0.519  0.225  0.089  0.037  0.015
  944.3   80  1.3920 -4.733e-03  0.069  0.100    1.60  0.3507  0.888  0.174  0.949  0.545  1.000  1.637  1.484  0.873  0.471  0.229  0.113  0.053
  693.5   80  1.3969 -2.314e-03  0.069  0.100    1.60  0.7181  1.818  0.174  0.981  0.640  1.000  1.921  1.930  1.374  0.886  0.515  0.296  0.162
  527.1   80  1.3995 -1.850e-03  0.069  0.100    1.60  1.2269  3.106  0.174  0.987  0.701  1.000  2.104  2.317  1.884  1.380  0.916  0.590  0.364
  399.8   80  1.4030 -1.662e-03  0.069  0.100    1.60  1.8803  4.760  0.174  0.990  0.741  1.000  2.222  2.649  2.381  1.932  1.433  1.019  0.701
  329.1   80  1.4060 -1.438e-03  0.069  0.100    1.60  2.3501  5.949  0.174  0.991  0.756  1.000  2.269  2.823  2.669  2.297  1.813  1.368  1.006
  229.8   80  1.4193 -1.108e-02  0.069  0.100    1.60  2.8966  7.333  0.174  0.928  0.772  1.000  2.316  3.012  3.024  2.810  2.426  2.007  1.637
 7082.2   80  1.3455 -4.120e-02  0.069  0.100    1.60  0.0146  0.037  0.174  0.018  0.031  1.000  0.092  0.504  0.020  0.001  0.000  0.000  0.000
  300.0   90  1.3900 -1.810e-03  0.069  0.114    1.60  2.6958  6.001  0.198  0.988  0.777  1.000  2.330  3.032  3.029  2.778  2.355  1.909  1.518
  400.0   90  1.3820 -1.130e-03  0.069  0.114    1.60  2.0575  4.580  0.198  0.993  0.763  1.000  2.290  2.835  2.674  2.279  1.781  1.331  0.965
  440.0   90  1.3812 -1.129e-03  0.069  0.114    1.60  1.8283  4.070  0.198  0.993  0.754  1.000  2.262  2.739  2.515  2.081  1.575  1.142  0.800
  500.0   90  1.3790 -1.130e-03  0.069  0.114    1.60  1.5172  3.377  0.198  0.992  0.738  1.000  2.215  2.596  2.288  1.813  1.310  0.910  0.609
  550.0   90  1.3780 -1.360e-03  0.069  0.114    1.60  1.3010  2.896  0.198  0.991  0.724  1.000  2.171  2.476  2.106  1.611  1.120  0.752  0.485
  600.0   90  1.3770 -1.360e-03  0.069  0.114    1.60  1.1162  2.485  0.198  0.990  0.708  1.000  2.124  2.358  1.936  1.430  0.958  0.622  0.388
  675.0   90  1.3760 -1.577e-03  0.069  0.114    1.60  0.8929  1.987  0.198  0.988  0.684  1.000  2.051  2.190  1.704  1.195  0.758  0.470  0.279
  800.0   90  1.3720 -2.260e-03  0.069  0.114    1.60  0.6197  1.379  0.198  0.980  0.641  1.000  1.924  1.938  1.382  0.892  0.520  0.299  0.165
  870.0   90  1.3708 -2.735e-03  0.069  0.114    1.60  0.5126  1.141  0.198  0.974  0.617  1.000  1.852  1.811  1.230  0.759  0.422  0.233  0.124
 1000.0   90  1.3710 -3.510e-03  0.069  0.114    1.60  0.3726  0.829  0.198  0.961  0.572  1.000  1.716  1.600  0.996  0.565  0.290  0.149  0.074
 1020.0   90  1.3707 -3.589e-03  0.069  0.114    1.60  0.3549  0.790  0.198  0.959  0.565  1.000  1.695  1.571  0.965  0.541  0.274  0.139  0.068
55555.6   90  1.6200 -3.500e-01  0.069  0.114    1.60  0.0225  0.050  0.198  0.000  0.002  1.000  0.006  0.500  0.001  0.000  0.000  0.000  0.000
23529.4   90  1.6157 -3.402e-01  0.069  0.114    1.60  0.0326  0.073  0.198  0.000  0.005  1.000  0.013  0.500  0.002  0.000  0.000  0.000  0.000
17699.1   90  1.5566 -3.785e-01  0.069  0.114    1.60  0.0509  0.114  0.198  0.001  0.008  1.000  0.022  0.500  0.004  0.000  0.000  0.000  0.000
15037.6   90  1.3054 -3.605e-01  0.069  0.114    1.60  0.0688  0.153  0.198  0.001  0.009  1.000  0.026  0.500  0.006  0.000  0.000  0.000  0.000
13157.9   90  1.2598 -2.591e-01  0.069  0.114    1.60  0.0582  0.129  0.198  0.001  0.011  1.000  0.033  0.501  0.008  0.000  0.000  0.000  0.000
11111.1   90  1.2730 -9.268e-02  0.069  0.114    1.60  0.0245  0.055  0.198  0.002  0.016  1.000  0.048  0.501  0.011  0.000  0.000  0.000  0.000
 9708.7   90  1.3823 -5.753e-02  0.069  0.114    1.60  0.0164  0.037  0.198  0.009  0.022  1.000  0.065  0.502  0.013  0.000  0.000  0.000  0.000
 8849.6   90  1.5916 -1.040e-01  0.069  0.114    1.60  0.0282  0.063  0.198  0.016  0.029  1.000  0.088  0.503  0.015  0.001  0.000  0.000  0.000
 7782.1   90  1.2885 -4.080e-02  0.069  0.114    1.60  0.0156  0.034  0.198  0.014  0.032  1.000  0.095  0.504  0.020  0.001  0.000  0.000  0.000
 6968.6   90  1.3358 -3.330e-02  0.069  0.114    1.60  0.0139  0.031  0.198  0.031  0.041  1.000  0.121  0.507  0.026  0.001  0.000  0.000  0.000
 6097.6   90  1.3384 -8.480e-02  0.069  0.114    1.60  0.0407  0.090  0.198  0.017  0.051  1.000  0.155  0.510  0.032  0.002  0.000  0.000  0.000
 5154.6   90  1.3531 -6.183e-03  0.069  0.114    1.60  0.0052  0.012  0.198  0.189  0.071  1.000  0.213  0.520  0.044  0.004  0.000  0.000  0.000
 4618.9   90  1.3582 -1.508e-02  0.069  0.114    1.60  0.0118  0.026  0.198  0.205  0.086  1.000  0.259  0.528  0.055  0.005  0.001  0.000  0.000
 4319.7   90  1.3654 -9.800e-03  0.069  0.114    1.60  0.0097  0.022  0.198  0.337  0.097  1.000  0.292  0.536  0.063  0.007  0.001  0.000  0.000
 4016.1   90  1.3744 -4.832e-03  0.069  0.114    1.60  0.0079  0.018  0.198  0.558  0.111  1.000  0.333  0.545  0.071  0.009  0.001  0.000  0.000
 3418.8   90  1.4195 -1.617e-02  0.069  0.114    1.60  0.0239  0.053  0.198  0.430  0.148  1.000  0.443  0.576  0.096  0.015  0.003  0.001  0.000
 3444.7   90  1.4160 -1.337e-02  0.069  0.114    1.60  0.0210  0.047  0.198  0.472  0.146  1.000  0.437  0.574  0.095  0.014  0.003  0.001  0.000
 2777.0   90  1.3102 -1.797e-01  0.069  0.114    1.60  0.1929  0.430  0.198  0.291  0.181  1.000  0.545  0.618  0.140  0.028  0.006  0.002  0.000
 2320.2   90  1.3068  3.216e-02  0.069  0.114    1.60  0.0000  0.000  0.198  0.886  0.248  1.000  0.746  0.714  0.210  0.055  0.015  0.004  0.001
 2044.2   90  1.3288  1.867e-03  0.069  0.114    1.60  0.0363  0.081  0.198  0.904  0.294  1.000  0.882  0.793  0.268  0.083  0.025  0.008  0.003
 1778.4   90  1.3460 -4.528e-03  0.069  0.114    1.60  0.0707  0.157  0.198  0.894  0.348  1.000  1.044  0.904  0.353  0.127  0.042  0.016  0.006
 1455.2   90  1.3649 -5.368e-03  0.069  0.114    1.60  0.1395  0.310  0.198  0.907  0.430  1.000  1.290  1.105  0.518  0.223  0.088  0.036  0.015
 1270.3   90  1.3648 -4.421e-03  0.069  0.114    1.60  0.1987  0.443  0.198  0.934  0.484  1.000  1.451  1.269  0.666  0.321  0.140  0.063  0.028
  944.3   90  1.3712 -3.222e-03  0.069  0.114    1.60  0.4267  0.950  0.198  0.967  0.592  1.000  1.774  1.686  1.088  0.640  0.339  0.180  0.092
  693.5   90  1.3760 -1.569e-03  0.069  0.114    1.60  0.8470  1.886  0.198  0.987  0.677  1.000  2.032  2.150  1.650  1.143  0.715  0.438  0.257
  527.1   90  1.3783 -1.262e-03  0.069  0.114    1.60  1.3951  3.105  0.198  0.991  0.731  1.000  2.192  2.531  2.188  1.701  1.204  0.821  0.538
  399.8   90  1.3820 -1.131e-03  0.069  0.114    1.60  2.0590  4.583  0.198  0.993  0.763  1.000  2.290  2.836  2.675  2.280  1.782  1.332  0.966
  329.1   90  1.3865 -9.797e-04  0.069  0.114    1.60  2.5123  5.592  0.198  0.994  0.775  1.000  2.323  2.982  2.932  2.630  2.174  1.715  1.321
  229.8   90  1.4014 -7.524e-03  0.069  0.114    1.60  2.9701  6.612  0.198  0.944  0.779  1.000  2.339  3.112  3.199  3.068  2.738  2.351  1.993
 7082.2   90  1.3343 -3.724e-02  0.069  0.114    1.60  0.0153  0.034  0.198  0.027  0.039  1.000  0.118  0.506  0.025  0.001  0.000  0.000  0.000
  300.0   95  1.3760 -1.200e-03  0.069  0.131    1.60  2.8349  5.504  0.227  0.991  0.787  1.000  2.362  3.147  3.233  3.068  2.700  2.277  1.888
  400.0   95  1.3680 -7.500e-04  0.069  0.131    1.60  2.2814  4.429  0.227  0.995  0.781  1.000  2.344  2.998  2.947  2.624  2.151  1.682  1.280
  440.0   95  1.3664 -7.494e-04  0.069  0.131    1.60  2.0561  3.992  0.227  0.995  0.775  1.000  2.325  2.919  2.807  2.437  1.942  1.478  1.090
  500.0   95  1.3640 -7.500e-04  0.069  0.131    1.60  1.7425  3.383  0.227  0.995  0.763  1.000  2.288  2.794  2.596  2.169  1.658  1.214  0.859
  550.0   95  1.3630 -9.000e-04  0.069  0.131    1.60  1.5174  2.946  0.227  0.994  0.751  1.000  2.252  2.685  2.419  1.959  1.447  1.027  0.702
  600.0   95  1.3620 -9.000e-04  0.069  0.131    1.60  1.3201  2.563  0.227  0.994  0.738  1.000  2.213  2.576  2.250  1.765  1.261  0.868  0.575
  675.0   95  1.3610 -1.048e-03  0.069  0.131    1.60  1.0752  2.087  0.227  0.992  0.717  1.000  2.151  2.416  2.013  1.508  1.025  0.676  0.427
  800.0   95  1.3580 -1.500e-03  0.069  0.131    1.60  0.7677  1.490  0.227  0.987  0.680  1.000  2.041  2.167  1.671  1.161  0.730  0.449  0.265
  870.0   95  1.3570 -1.813e-03  0.069  0.131    1.60  0.6427  1.248  0.227  0.984  0.658  1.000  1.976  2.038  1.505  1.003  0.605  0.359  0.204
 1000.0   95  1.3560 -2.330e-03  0.069  0.131    1.60  0.4715  0.915  0.227  0.976  0.618  1.000  1.855  1.820  1.242  0.768  0.429  0.239  0.127
 1020.0   95  1.3556 -2.379e-03  0.069  0.131    1.60  0.4498  0.873  0.227  0.975  0.612  1.000  1.836  1.789  1.207  0.738  0.407  0.225  0.118
55555.6   95  1.5900 -3.460e-01  0.069  0.131    1.60  0.0261  0.051  0.227  0.000  0.002  1.000  0.007  0.500  0.001  0.000  0.000  0.000  0.000
23529.4   95  1.5824 -3.474e-01  0.069  0.131    1.60  0.0395  0.077  0.227  0.001  0.005  1.000  0.016  0.500  0.003  0.000  0.000  0.000  0.000
17699.1   95  1.5074 -3.952e-01  0.069  0.131    1.60  0.0634  0.123  0.227  0.001  0.009  1.000  0.027  0.500  0.005  0.000  0.000  0.000  0.000
15037.6   95  1.2936 -3.753e-01  0.069  0.131    1.60  0.0830  0.161  0.227  0.001  0.011  1.000  0.034  0.501  0.007  0.000  0.000  0.000  0.000
13157.9   95  1.2244 -2.797e-01  0.069  0.131    1.60  0.0734  0.142  0.227  0.001  0.015  1.000  0.043  0.501  0.010  0.000  0.000  0.000  0.000
11111.1   95  1.2304 -9.734e-02  0.069  0.131    1.60  0.0303  0.058  0.227  0.003  0.021  1.000  0.061  0.502  0.014  0.000  0.000  0.000  0.000
 9708.7   95  1.3321 -5.393e-02  0.069  0.131    1.60  0.0183  0.035  0.227  0.011  0.028  1.000  0.084  0.503  0.017  0.001  0.000  0.000  0.000
 8849.6   95  1.4827 -8.182e-02  0.069  0.131    1.60  0.0280  0.054  0.227  0.020  0.035  1.000  0.108  0.505  0.020  0.001  0.000  0.000  0.000
 7782.1   95  1.2916 -3.864e-02  0.069  0.131    1.60  0.0171  0.034  0.227  0.021  0.041  1.000  0.124  0.507  0.027  0.001  0.000  0.000  0.000
 6968.6   95  1.3260 -3.060e-02  0.069  0.131    1.60  0.0151  0.029  0.227  0.043  0.052  1.000  0.155  0.510  0.033  0.002  0.000  0.000  0.000
 6097.6   95  1.3307 -9.072e-02  0.069  0.131    1.60  0.0508  0.099  0.227  0.022  0.065  1.000  0.197  0.516  0.042  0.003  0.000  0.000  0.000
 5154.6   95  1.3441 -5.468e-03  0.069  0.131    1.60  0.0063  0.012  0.227  0.244  0.090  1.000  0.270  0.531  0.058  0.006  0.001  0.000  0.000
 4618.9   95  1.3483 -1.523e-02  0.069  0.131    1.60  0.0149  0.029  0.227  0.260  0.108  1.000  0.325  0.544  0.071  0.008  0.001  0.000  0.000
 4319.7   95  1.3559 -9.711e-03  0.069  0.131    1.60  0.0127  0.025  0.227  0.404  0.121  1.000  0.365  0.555  0.081  0.010  0.001  0.000  0.000
 4016.1   95  1.3664 -4.799e-03  0.069  0.131    1.60  0.0111  0.022  0.227  0.632  0.138  1.000  0.414  0.569  0.093  0.014  0.002  0.000  0.000
 3418.8   95  1.4175 -1.709e-02  0.069  0.131    1.60  0.0334  0.065  0.227  0.496  0.182  1.000  0.546  0.613  0.125  0.023  0.005  0.001  0.000
 3444.7   95  1.4133 -1.407e-02  0.069  0.131    1.60  0.0296  0.058  0.227  0.538  0.180  1.000  0.539  0.611  0.124  0.023  0.004  0.001  0.000
 2777.0   95  1.2994 -1.950e-01  0.069  0.131    1.60  0.2452  0.476  0.227  0.325  0.218  1.000  0.653  0.666  0.182  0.045  0.011  0.004  0.001
 2320.2   95  1.2961  3.597e-02  0.069  0.131    1.60  0.0000  0.000  0.227  0.950  0.296  1.000  0.888  0.800  0.277  0.087  0.026  0.008  0.003
 2044.2   95  1.3197  2.724e-03  0.069  0.131    1.60  0.0518  0.100  0.227  0.938  0.344  1.000  1.034  0.901  0.354  0.127  0.043  0.015  0.005
 1778.4   95  1.3355 -3.363e-03  0.069  0.131    1.60  0.0959  0.187  0.227  0.936  0.401  1.000  1.205  1.037  0.464  0.189  0.072  0.029  0.011
 1455.2   95  1.3499 -3.703e-03  0.069  0.131    1.60  0.1818  0.353  0.227  0.943  0.483  1.000  1.450  1.274  0.672  0.325  0.143  0.064  0.029
 1270.3   95  1.3508 -2.960e-03  0.069  0.131    1.60  0.2584  0.502  0.227  0.960  0.536  1.000  1.608  1.462  0.853  0.455  0.220  0.108  0.052
  944.3   95  1.3567 -2.140e-03  0.069  0.131    1.60  0.5380  1.045  0.227  0.979  0.635  1.000  1.907  1.910  1.347  0.860  0.496  0.284  0.155
  693.5   95  1.3610 -1.042e-03  0.069  0.131    1.60  1.0241  1.988  0.227  0.992  0.712  1.000  2.135  2.377  1.957  1.449  0.973  0.635  0.397
  527.1   95  1.3634 -8.364e-04  0.069  0.131    1.60  1.6163  3.138  0.227  0.994  0.757  1.000  2.269  2.735  2.500  2.053  1.541  1.109  0.770
  399.8   95  1.3680 -7.508e-04  0.069  0.131    1.60  2.2828  4.432  0.227  0.995  0.781  1.000  2.344  2.998  2.948  2.625  2.152  1.683  1.281
  329.1   95  1.3724 -6.497e-04  0.069  0.131    1.60  2.6888  5.220  0.227  0.996  0.788  1.000  2.363  3.114  3.163  2.944  2.535  2.085  1.680
  229.8   95  1.3886 -4.994e-03  0.069  0.131    1.60  3.0153  5.855  0.227  0.958  0.784  1.000  2.349  3.184  3.330  3.286  3.022  2.689  2.367
 7082.2   95  1.3258 -3.436e-02  0.069  0.131    1.60  0.0166  0.032  0.227  0.039  0.051  1.000  0.150  0.510  0.032  0.002  0.000  0.000  0.000
  300.0   99  1.3600 -5.010e-04  0.069  0.175    1.60  2.9979  4.349  0.304  0.995  0.793  1.000  2.380  3.282  3.494  3.502  3.279  2.971  2.661
  400.0   99  1.3510 -3.130e-04  0.069  0.175    1.60  2.7321  3.963  0.304  0.998  0.803  1.000  2.409  3.240  3.384  3.238  2.876  2.442  2.030
  440.0   99  1.3493 -3.127e-04  0.069  0.175    1.60  2.5659  3.722  0.304  0.998  0.802  1.000  2.405  3.197  3.298  3.097  2.693  2.235  1.811
  500.0   99  1.3470 -3.130e-04  0.069  0.175    1.60  2.2966  3.332  0.304  0.998  0.797  1.000  2.391  3.119  3.148  2.875  2.423  1.947  1.521
  550.0   99  1.3450 -3.750e-04  0.069  0.175    1.60  2.0723  3.006  0.304  0.997  0.791  1.000  2.373  3.046  3.015  2.689  2.208  1.730  1.313
  600.0   99  1.3440 -3.750e-04  0.069  0.175    1.60  1.8657  2.707  0.304  0.997  0.784  1.000  2.351  2.965  2.872  2.502  2.001  1.529  1.129
  675.0   99  1.3429 -4.374e-04  0.069  0.175    1.60  1.5880  2.303  0.304  0.997  0.771  1.000  2.312  2.839  2.659  2.234  1.719  1.265  0.899
  800.0   99  1.3410 -6.260e-04  0.069  0.175    1.60  1.2105  1.756  0.304  0.995  0.746  1.000  2.238  2.626  2.320  1.837  1.327  0.922  0.617
  870.0   99  1.3400 -7.561e-04  0.069  0.175    1.60  1.0417  1.511  0.304  0.994  0.731  1.000  2.193  2.509  2.145  1.644  1.147  0.773  0.501
 1000.0   99  1.3390 -9.730e-04  0.069  0.175    1.60  0.7978  1.157  0.304  0.991  0.701  1.000  2.104  2.301  1.849  1.334  0.874  0.558  0.342
 1020.0   99  1.3387 -9.876e-04  0.069  0.175    1.60  0.7657  1.110  0.304  0.991  0.696  1.000  2.090  2.271  1.808  1.292  0.839  0.531  0.323
55555.6   99  1.5560 -3.400e-01  0.069  0.175    1.60  0.0354  0.051  0.304  0.000  0.004  1.000  0.013  0.500  0.002  0.000  0.000  0.000  0.000
23529.4   99  1.5447 -3.571e-01  0.069  0.175    1.60  0.0561  0.082  0.304  0.001  0.009  1.000  0.028  0.500  0.006  0.000  0.000  0.000  0.000
17699.1   99  1.4503 -4.144e-01  0.069  0.175    1.60  0.0933  0.135  0.304  0.002  0.015  1.000  0.047  0.501  0.009  0.000  0.000  0.000  0.000
15037.6   99  1.2810 -3.909e-01  0.069  0.175    1.60  0.1174  0.170  0.304  0.002  0.020  1.000  0.059  0.502  0.013  0.000  0.000  0.000  0.000
13157.9   99  1.1847 -3.010e-01  0.069  0.175    1.60  0.1093  0.159  0.304  0.002  0.024  1.000  0.073  0.503  0.017  0.001  0.000  0.000  0.000
11111.1   99  1.1809 -1.024e-01  0.069  0.175    1.60  0.0440  0.064  0.304  0.003  0.034  1.000  0.104  0.505  0.023  0.001  0.000  0.000  0.000
 9708.7   99  1.2744 -4.969e-02  0.069  0.175    1.60  0.0238  0.034  0.304  0.019  0.047  1.000  0.140  0.508  0.031  0.002  0.000  0.000  0.000
 8849.6   99  1.3572 -5.682e-02  0.069  0.175    1.60  0.0290  0.042  0.304  0.035  0.058  1.000  0.173  0.513  0.036  0.002  0.000  0.000  0.000
 7782.1   99  1.2952 -3.595e-02  0.069  0.175    1.60  0.0222  0.033  0.304  0.052  0.070  1.000  0.211  0.519  0.046  0.004  0.000  0.000  0.000
 6968.6   99  1.3158 -2.758e-02  0.069  0.175    1.60  0.0197  0.028  0.304  0.092  0.086  1.000  0.259  0.529  0.056  0.006  0.001  0.000  0.000
 6097.6   99  1.3214 -9.760e-02  0.069  0.175    1.60  0.0766  0.111  0.304  0.043  0.108  1.000  0.322  0.542  0.072  0.008  0.001  0.000  0.000
 5154.6   99  1.3333 -4.667e-03  0.069  0.175    1.60  0.0115  0.017  0.304  0.396  0.145  1.000  0.434  0.576  0.101  0.016  0.003  0.001  0.000
 4618.9   99  1.3371 -1.552e-02  0.069  0.175    1.60  0.0259  0.038  0.304  0.411  0.172  1.000  0.515  0.605  0.125  0.023  0.004  0.001  0.000
 4319.7   99  1.3453 -9.664e-03  0.069  0.175    1.60  0.0243  0.035  0.304  0.558  0.191  1.000  0.573  0.629  0.142  0.029  0.006  0.001  0.000
 4016.1   99  1.3573 -4.756e-03  0.069  0.175    1.60  0.0246  0.036  0.304  0.767  0.214  1.000  0.641  0.658  0.164  0.037  0.009  0.002  0.001
 3418.8   99  1.4156 -1.815e-02  0.069  0.175    1.60  0.0695  0.101  0.304  0.635  0.272  1.000  0.816  0.741  0.221  0.062  0.016  0.005  0.002
 3444.7   99  1.4106 -1.487e-02  0.069  0.175    1.60  0.0627  0.091  0.304  0.674  0.269  1.000  0.808  0.737  0.218  0.060  0.016  0.004  0.002
 2777.0   99  1.2875 -2.127e-01  0.069  0.175    1.60  0.3748  0.543  0.304  0.379  0.310  1.000  0.930  0.833  0.321  0.109  0.036  0.012  0.004
 2320.2   99  1.2839  4.038e-02  0.069  0.175    1.60  0.0083  0.012  0.304  1.000  0.412  1.000  1.236  1.072  0.499  0.209  0.082  0.034  0.013
 2044.2   99  1.3099  3.724e-03  0.069  0.175    1.60  0.1145  0.166  0.304  0.975  0.462  1.000  1.388  1.219  0.626  0.292  0.127  0.056  0.024
 1778.4   99  1.3220 -2.020e-03  0.069  0.175    1.60  0.1914  0.278  0.304  0.978  0.519  1.000  1.557  1.407  0.803  0.416  0.198  0.095  0.045
 1455.2   99  1.3339 -1.801e-03  0.069  0.175    1.60  0.3406  0.494  0.304  0.979  0.593  1.000  1.779  1.706  1.114  0.659  0.354  0.190  0.099
 1270.3   99  1.3349 -1.277e-03  0.069  0.175    1.60  0.4696  0.681  0.304  0.986  0.637  1.000  1.911  1.923  1.364  0.874  0.507  0.291  0.161
  944.3   99  1.3397 -8.965e-04  0.069  0.175    1.60  0.8948  1.298  0.304  0.992  0.714  1.000  2.142  2.388  1.970  1.458  0.981  0.641  0.402
  693.5   99  1.3429 -4.349e-04  0.069  0.175    1.60  1.5278  2.216  0.304  0.997  0.767  1.000  2.301  2.806  2.606  2.169  1.654  1.206  0.849
  527.1   99  1.3458 -3.487e-04  0.069  0.175    1.60  2.1733  3.153  0.304  0.997  0.794  1.000  2.382  3.080  3.077  2.774  2.305  1.827  1.405
  399.8   99  1.3510 -3.133e-04  0.069  0.175    1.60  2.7330  3.964  0.304  0.998  0.803  1.000  2.409  3.240  3.384  3.239  2.877  2.443  2.031
  329.1   99  1.3563 -2.710e-04  0.069  0.175    1.60  2.9621  4.297  0.304  0.998  0.798  1.000  2.395  3.282  3.482  3.438  3.167  2.807  2.451
  229.8   99  1.3749 -2.087e-03  0.069  0.175    1.60  2.9427  4.269  0.304  0.975  0.776  1.000  2.327  3.245  3.453  3.577  3.467  3.302  3.125
 7082.2   99  1.3171 -3.112e-02  0.069  0.175    1.60  0.0216  0.031  0.304  0.085  0.084  1.000  0.252  0.528  0.055  0.005  0.001  0.000  0.000
